             20 :		   1		[6]                           
            252 :		   1		[10]                          
           6435 :		   2		[15, 15]                      
         184756 :		   1		[20]                          
         352716 :		   2		[21, 21]                      
       40116600 :		   1		[28]                          
      834451800 :		   2		[35, 35]                      
      600805296 :		   2		[36, 36]                      
      886163135 :		   2		[45, 45]                      
      202927725 :		   2		[55, 55]                      
      231917400 :		   2		[56, 56]                      
      778789440 :		   2		[66, 66]                      
      131115985 :		   2		[70, 70]                      
      256851595 :		   2		[78, 78]                      
      406481544 :		   2		[84, 84]                      
      666563898 :		   2		[91, 91]                      
       96560646 :		   2		[105, 105]                    
      190578024 :		   2		[120, 120]                    
      244222650 :		   2		[126, 126]                    
      359933112 :		   2		[136, 136]                    
      654045930 :		   2		[153, 153]                    
      958683033 :		   2		[165, 165]                    
       34389810 :		   2		[171, 171]                    
       52602165 :		   2		[190, 190]                    
       78738660 :		   2		[210, 210]                    
       94966795 :		   2		[220, 220]                    
      115584315 :		   2		[231, 231]                    
      164059875 :		   2		[252, 252]                    
      166695375 :		   2		[253, 253]                    
      236561325 :		   2		[276, 276]                    
      272963405 :		   2		[286, 286]                    
      330791175 :		   2		[300, 300]                    
      456326325 :		   2		[325, 325]                    
      485199330 :		   2		[330, 330]                    
      621682425 :		   2		[351, 351]                    
      719469751 :		   2		[364, 364]                    
      837222750 :		   2		[378, 378]                    
       11071620 :		   2		[406, 406]                    
       13624345 :		   2		[435, 435]                    
       15596035 :		   2		[455, 455]                    
       16328620 :		   2		[462, 462]                    
       16649480 :		   2		[465, 465]                    
       20092215 :		   2		[495, 495]                    
       20214480 :		   2		[496, 496]                    
       24393776 :		   2		[528, 528]                    
       29112720 :		   2		[560, 560]                    
       29269240 :		   2		[561, 561]                    
       34930665 :		   2		[595, 595]                    
       41476260 :		   2		[630, 630]                    
       49013160 :		   2		[666, 666]                    
       52174360 :		   2		[680, 680]                    
       57657951 :		   2		[703, 703]                    
       60665605 :		   2		[715, 715]                    
       67537210 :		   2		[741, 741]                    
       78788060 :		   2		[780, 780]                    
       82485480 :		   2		[792, 792]                    
       90223760 :		   2		[816, 816]                    
       91558740 :		   2		[820, 820]                    
      106009190 :		   2		[861, 861]                    
      122311651 :		   2		[903, 903]                    
      131054924 :		   2		[924, 924]                    
      140651280 :		   2		[946, 946]                    
      151173044 :		   2		[969, 969]                    
      161226780 :		   2		[990, 990]                    
           3003 :		   6		[14, 14, 15, 15, 78, 78]      
          24310 :		   4		[17, 17, 221, 221]            
          11628 :		   4		[19, 19, 153, 153]            
           1540 :		   4		[22, 22, 56, 56]              
           7140 :		   4		[36, 36, 120, 120]            
