                 3.0 : [3, 3]
                 4.0 : [4, 4]
                 5.0 : [5, 5]
                10.0 : [5, 5, 10, 10]
                 6.0 : [6, 6]
                15.0 : [6, 6, 15, 15]
                 7.0 : [7, 7]
                21.0 : [7, 7, 21, 21]
                35.0 : [7, 7, 35, 35]
                 8.0 : [8, 8]
                28.0 : [8, 8, 28, 28]
                56.0 : [8, 8, 56]
                 9.0 : [9, 9]
                36.0 : [9, 9, 36, 36]
                84.0 : [9, 9, 84]
               126.0 : [9, 9, 126]
                45.0 : [10, 10, 45, 45]
               120.0 : [10, 10, 16, 16, 120]
               210.0 : [10, 10, 21, 21, 210]
                11.0 : [11, 11]
                55.0 : [11, 11, 55, 55]
               165.0 : [11, 11, 165]
               330.0 : [11, 11, 330, 330]
               462.0 : [11, 11, 462, 462]
                12.0 : [12, 12]
                66.0 : [12, 12, 66]
               220.0 : [12, 12, 220]
               495.0 : [12, 12, 495]
               792.0 : [12, 12, 792]
                13.0 : [13, 13]
                78.0 : [13, 13, 78]
               286.0 : [13, 13, 286]
               715.0 : [13, 13, 715]
              1287.0 : [13, 13]
              1716.0 : [13, 13]
                14.0 : [14, 14]
                91.0 : [14, 14, 91]
               364.0 : [14, 14, 364]
              1001.0 : [14, 14]
              2002.0 : [14, 14]
              3003.0 : [14, 14, 15, 15, 78]
               105.0 : [15, 15, 105]
               455.0 : [15, 15, 455]
              1365.0 : [15, 15]
              5005.0 : [15, 15]
              6435.0 : [15, 15]
                16.0 : [16, 16]
               560.0 : [16, 16, 560]
              1820.0 : [16, 16]
              4368.0 : [16, 16]
              8008.0 : [16, 16]
             11440.0 : [16, 16]
                17.0 : [17, 17]
               136.0 : [17, 17, 136]
               680.0 : [17, 17, 680]
              2380.0 : [17, 17]
              6188.0 : [17, 17]
             12376.0 : [17, 17]
             19448.0 : [17, 17]
             24310.0 : [17, 17, 221]
                18.0 : [18, 18]
               153.0 : [18, 18, 153]
               816.0 : [18, 18, 816]
              3060.0 : [18, 18]
              8568.0 : [18, 18]
             18564.0 : [18, 18]
             31824.0 : [18, 18]
             43758.0 : [18, 18]
                19.0 : [19, 19]
               171.0 : [19, 19, 171]
               969.0 : [19, 19, 969]
              3876.0 : [19, 19]
             11628.0 : [19, 19, 153]
             27132.0 : [19, 19]
             50388.0 : [19, 19]
             75582.0 : [19, 19]
             92378.0 : [19, 19]
                20.0 : [20, 20]
               190.0 : [20, 20, 190]
              1140.0 : [20, 20]
              4845.0 : [20, 20]
             15504.0 : [20, 20]
             38760.0 : [20, 20]
             77520.0 : [20, 20]
              1330.0 : [21, 21]
              5985.0 : [21, 21]
             20349.0 : [21, 21]
             54264.0 : [21, 21]
                22.0 : [22, 22]
               231.0 : [22, 22, 231]
              1540.0 : [22, 22, 56]
              7315.0 : [22, 22]
             26334.0 : [22, 22]
             74613.0 : [22, 22]
                23.0 : [23, 23]
               253.0 : [23, 23, 253]
              1771.0 : [23, 23]
              8855.0 : [23, 23]
             33649.0 : [23, 23]
                24.0 : [24, 24]
               276.0 : [24, 24, 276]
              2024.0 : [24, 24]
             10626.0 : [24, 24]
             42504.0 : [24, 24]
                25.0 : [25, 25]
               300.0 : [25, 25, 300, 300]
              2300.0 : [25, 25]
             12650.0 : [25, 25]
             53130.0 : [25, 25]
                26.0 : [26, 26]
               325.0 : [26, 26, 325, 325]
              2600.0 : [26, 26]
             14950.0 : [26, 26]
             65780.0 : [26, 26]
                27.0 : [27, 27]
               351.0 : [27, 27, 351]
              2925.0 : [27, 27]
             17550.0 : [27, 27]
             80730.0 : [27, 27]
               378.0 : [28, 28, 378]
              3276.0 : [28, 28]
             20475.0 : [28, 28]
             98280.0 : [28, 28]
                30.0 : [30, 30]
               435.0 : [30, 30, 435]
              4060.0 : [30, 30]
             27405.0 : [30, 30]
                31.0 : [31, 31]
               465.0 : [31, 31, 465]
              4495.0 : [31, 31]
             31465.0 : [31, 31]
                32.0 : [32, 32]
               496.0 : [32, 32, 496]
              4960.0 : [32, 32]
             35960.0 : [32, 32]
                33.0 : [33, 33]
               528.0 : [33, 33, 528]
              5456.0 : [33, 33]
             40920.0 : [33, 33]
   560.9999999999998 : [34, 561]
               595.0 : [35, 35, 595]
              6545.0 : [35, 35]
             52360.0 : [35, 35]
               630.0 : [36, 36, 630]
              7140.0 : [36, 36, 120]
             58905.0 : [36, 36]
                37.0 : [37, 37]
               666.0 : [37, 37, 666]
              7770.0 : [37, 37]
             66045.0 : [37, 37]
                38.0 : [38, 38]
               703.0 : [38, 38, 703]
              8436.0 : [38, 38]
             73815.0 : [38, 38]
                39.0 : [39, 39]
               741.0 : [39, 39, 741]
              9139.0 : [39, 39]
             82251.0 : [39, 39]
                40.0 : [40, 40]
               780.0 : [40, 40, 780]
              9880.0 : [40, 40]
             91390.0 : [40, 40]
                41.0 : [41, 41]
               820.0 : [41, 41, 820, 820]
             10660.0 : [41, 41]
                42.0 : [42, 42]
               861.0 : [42, 42, 861]
             11480.0 : [42, 42]
                44.0 : [44, 44]
               946.0 : [44, 44, 946]
             13244.0 : [44, 44]
               990.0 : [45, 45, 990]
             14190.0 : [45, 45]
                46.0 : [46, 46]
              1035.0 : [46, 46]
             15180.0 : [46, 46]
                47.0 : [47, 47]
              1081.0 : [47, 47]
             16215.0 : [47, 47]
                50.0 : [50, 50]
              1225.0 : [50, 50]
             19600.0 : [50, 50]
                51.0 : [51, 51]
              1275.0 : [51, 51]
             20825.0 : [51, 51]
                52.0 : [52, 52]
              1326.0 : [52, 52]
             22100.0 : [52, 52]
                53.0 : [53, 53]
              1378.0 : [53, 53]
             23426.0 : [53, 53]
              1485.0 : [55, 55]
             26235.0 : [55, 55]
                57.0 : [57, 57]
              1596.0 : [57, 57]
             29260.0 : [57, 57]
                59.0 : [59, 59]
              1711.0 : [59, 59]
  32509.000000000004 : [59, 59]
                60.0 : [60, 60]
              1770.0 : [60, 60]
             34220.0 : [60, 60]
                62.0 : [62, 62]
              1891.0 : [62, 62]
             37820.0 : [62, 62]
                64.0 : [64, 64]
              2016.0 : [64, 64]
             41664.0 : [64, 64]
                68.0 : [68, 68]
              2278.0 : [68, 68]
                74.0 : [74, 74]
              2701.0 : [74, 74]
             64824.0 : [74, 74]
                79.0 : [79, 79]
              3081.0 : [79, 79]
             79079.0 : [79, 79]
               102.0 : [102, 102]
              5151.0 : [102, 102]
               104.0 : [104, 104]
              5356.0 : [104, 104]
               124.0 : [124, 124]
              7626.0 : [124, 124]
               133.0 : [133, 133]
              8778.0 : [133, 133]
               139.0 : [139, 139]
              9591.0 : [139, 139]
               162.0 : [162, 162]
             13041.0 : [162, 162]
               168.0 : [168, 168]
             14028.0 : [168, 168]
               172.0 : [172, 172]
             14706.0 : [172, 172]
               178.0 : [178, 178]
             15753.0 : [178, 178]
               179.0 : [179, 179]
             15931.0 : [179, 179]
               185.0 : [185, 185]
             17020.0 : [185, 185]
               216.0 : [216, 216]
             23220.0 : [216, 216]
               223.0 : [223, 223]
             24753.0 : [223, 223]
               254.0 : [254, 254]
             32131.0 : [254, 254]
               260.0 : [260, 260]
             33670.0 : [260, 260]
               271.0 : [271, 271]
             36585.0 : [271, 271]
               274.0 : [274, 274]
             37401.0 : [274, 274]
             44850.0 : [300, 300]
               324.0 : [324, 324]
             52326.0 : [324, 324]
             52650.0 : [325, 325]
               326.0 : [326, 326]
             52975.0 : [326, 326]
               329.0 : [329, 329]
             53956.0 : [329, 329]
             54285.0 : [330, 330]
               334.0 : [334, 334]
             55611.0 : [334, 334]
               340.0 : [340, 340]
             57630.0 : [340, 340]
               343.0 : [343, 343]
             58653.0 : [343, 343]
               365.0 : [365, 365]
             66430.0 : [365, 365]
               373.0 : [373, 373]
             69378.0 : [373, 373]
               374.0 : [374, 374]
             69751.0 : [374, 374]
               416.0 : [416, 416]
             86320.0 : [416, 416]
               424.0 : [424, 424]
             89676.0 : [424, 424]
               426.0 : [426, 426]
             90525.0 : [426, 426]
               443.0 : [443, 443]
             97903.0 : [443, 443]
               446.0 : [446, 446]
             99235.0 : [446, 446]
               460.0 : [460, 460]
               479.0 : [479, 479]
               483.0 : [483, 483]
               489.0 : [489, 489]
               516.0 : [516, 516]
               521.0 : [521, 521]
               531.0 : [531, 531]
               536.0 : [536, 536]
               603.0 : [603, 603]
               679.0 : [679, 679]
               700.0 : [700, 700]
               706.0 : [706, 706]
               725.0 : [725, 725]
               730.0 : [730, 730]
               731.0 : [731, 731]
               752.0 : [752, 752]
               756.0 : [756, 756]
               774.0 : [774, 774]
               794.0 : [794, 794]
               830.0 : [830, 830]
               833.0 : [833, 833]
               858.0 : [858, 858]
               883.0 : [883, 883]
               890.0 : [890, 890]
               949.0 : [949, 949]
