             20 :		   1		[6]                           
            252 :		   1		[10]                          
           6435 :		   2		[15, 15]                      
         184756 :		   1		[20]                          
         352716 :		   2		[21, 21]                      
       40116600 :		   1		[28]                          
      834451800 :		   2		[35, 35]                      
      600805296 :		   2		[36, 36]                      
      886163135 :		   2		[45, 45]                      
      202927725 :		   2		[55, 55]                      
      231917400 :		   2		[56, 56]                      
      778789440 :		   2		[66, 66]                      
      131115985 :		   2		[70, 70]                      
      256851595 :		   2		[78, 78]                      
      406481544 :		   2		[84, 84]                      
      666563898 :		   2		[91, 91]                      
       96560646 :		   2		[105, 105]                    
            120 :		   4		[10, 10, 16, 16]              
            210 :		   4		[10, 10, 21, 21]              
           3003 :		   6		[14, 14, 15, 15, 78, 78]      
           1540 :		   4		[22, 22, 56, 56]              
