             10 :		   4		[5, 5, 10, 10]                
             15 :		   4		[6, 6, 15, 15]                
             21 :		   4		[7, 7, 21, 21]                
             28 :		   4		[8, 8, 28, 28]                
             35 :		   4		[7, 7, 35, 35]                
             36 :		   4		[9, 9, 36, 36]                
             45 :		   4		[10, 10, 45, 45]              
             55 :		   4		[11, 11, 55, 55]              
             56 :		   4		[8, 8, 56, 56]                
             66 :		   4		[12, 12, 66, 66]              
             78 :		   4		[13, 13, 78, 78]              
             84 :		   4		[9, 9, 84, 84]                
             91 :		   4		[14, 14, 91, 91]              
            105 :		   4		[15, 15, 105, 105]            
            120 :		   6		[10, 10, 16, 16, 120, 120]    
            126 :		   4		[9, 9, 126, 126]              
            136 :		   4		[17, 17, 136, 136]            
            153 :		   4		[18, 18, 153, 153]            
            165 :		   4		[11, 11, 165, 165]            
            171 :		   4		[19, 19, 171, 171]            
            190 :		   4		[20, 20, 190, 190]            
            210 :		   6		[10, 10, 21, 21, 210, 210]    
            220 :		   4		[12, 12, 220, 220]            
            231 :		   4		[22, 22, 231, 231]            
            253 :		   4		[23, 23, 253, 253]            
            276 :		   4		[24, 24, 276, 276]            
            286 :		   4		[13, 13, 286, 286]            
            300 :		   4		[25, 25, 300, 300]            
            325 :		   4		[26, 26, 325, 325]            
            330 :		   4		[11, 11, 330, 330]            
            351 :		   4		[27, 27, 351, 351]            
            364 :		   4		[14, 14, 364, 364]            
            378 :		   4		[28, 28, 378, 378]            
            406 :		   4		[29, 29, 406, 406]            
            435 :		   4		[30, 30, 435, 435]            
            455 :		   4		[15, 15, 455, 455]            
            462 :		   4		[11, 11, 462, 462]            
            465 :		   4		[31, 31, 465, 465]            
            495 :		   4		[12, 12, 495, 495]            
            496 :		   4		[32, 32, 496, 496]            
            528 :		   4		[33, 33, 528, 528]            
            560 :		   4		[16, 16, 560, 560]            
            561 :		   4		[34, 34, 561, 561]            
            595 :		   4		[35, 35, 595, 595]            
            630 :		   4		[36, 36, 630, 630]            
            666 :		   4		[37, 37, 666, 666]            
            680 :		   4		[17, 17, 680, 680]            
            703 :		   4		[38, 38, 703, 703]            
            715 :		   4		[13, 13, 715, 715]            
            741 :		   4		[39, 39, 741, 741]            
            780 :		   4		[40, 40, 780, 780]            
            792 :		   4		[12, 12, 792, 792]            
            816 :		   4		[18, 18, 816, 816]            
            820 :		   4		[41, 41, 820, 820]            
            861 :		   4		[42, 42, 861, 861]            
            903 :		   4		[43, 43, 903, 903]            
            946 :		   4		[44, 44, 946, 946]            
            969 :		   4		[19, 19, 969, 969]            
            990 :		   4		[45, 45, 990, 990]            
           1001 :		   4		[14, 14, 1001, 1001]          
           1035 :		   4		[46, 46, 1035, 1035]          
           1081 :		   4		[47, 47, 1081, 1081]          
           1128 :		   4		[48, 48, 1128, 1128]          
           1140 :		   4		[20, 20, 1140, 1140]          
           1176 :		   4		[49, 49, 1176, 1176]          
           1225 :		   4		[50, 50, 1225, 1225]          
           1275 :		   4		[51, 51, 1275, 1275]          
           1287 :		   4		[13, 13, 1287, 1287]          
           1326 :		   4		[52, 52, 1326, 1326]          
           1330 :		   4		[21, 21, 1330, 1330]          
           1365 :		   4		[15, 15, 1365, 1365]          
           1378 :		   4		[53, 53, 1378, 1378]          
           1431 :		   4		[54, 54, 1431, 1431]          
           1485 :		   4		[55, 55, 1485, 1485]          
           1540 :		   6		[22, 22, 56, 56, 1540, 1540]  
           1596 :		   4		[57, 57, 1596, 1596]          
           1653 :		   4		[58, 58, 1653, 1653]          
           1711 :		   4		[59, 59, 1711, 1711]          
           1716 :		   4		[13, 13, 1716, 1716]          
           1770 :		   4		[60, 60, 1770, 1770]          
           1771 :		   4		[23, 23, 1771, 1771]          
           1820 :		   4		[16, 16, 1820, 1820]          
           1830 :		   4		[61, 61, 1830, 1830]          
           1891 :		   4		[62, 62, 1891, 1891]          
           1953 :		   4		[63, 63, 1953, 1953]          
           2002 :		   4		[14, 14, 2002, 2002]          
           2016 :		   4		[64, 64, 2016, 2016]          
           2024 :		   4		[24, 24, 2024, 2024]          
           2080 :		   4		[65, 65, 2080, 2080]          
           2145 :		   4		[66, 66, 2145, 2145]          
           2211 :		   4		[67, 67, 2211, 2211]          
           2278 :		   4		[68, 68, 2278, 2278]          
           2300 :		   4		[25, 25, 2300, 2300]          
           2346 :		   4		[69, 69, 2346, 2346]          
           2380 :		   4		[17, 17, 2380, 2380]          
           2415 :		   4		[70, 70, 2415, 2415]          
           2485 :		   4		[71, 71, 2485, 2485]          
           2556 :		   4		[72, 72, 2556, 2556]          
           2600 :		   4		[26, 26, 2600, 2600]          
           2628 :		   4		[73, 73, 2628, 2628]          
           2701 :		   4		[74, 74, 2701, 2701]          
           2775 :		   4		[75, 75, 2775, 2775]          
           2850 :		   4		[76, 76, 2850, 2850]          
           2925 :		   4		[27, 27, 2925, 2925]          
           2926 :		   4		[77, 77, 2926, 2926]          
           3003 :		   8		[14, 14, 15, 15, 78, 78, 3003, 3003]
           3060 :		   4		[18, 18, 3060, 3060]          
           3081 :		   4		[79, 79, 3081, 3081]          
           3160 :		   4		[80, 80, 3160, 3160]          
           3240 :		   4		[81, 81, 3240, 3240]          
           3276 :		   4		[28, 28, 3276, 3276]          
           3321 :		   4		[82, 82, 3321, 3321]          
           3403 :		   4		[83, 83, 3403, 3403]          
           3486 :		   4		[84, 84, 3486, 3486]          
           3570 :		   4		[85, 85, 3570, 3570]          
           3654 :		   4		[29, 29, 3654, 3654]          
           3655 :		   4		[86, 86, 3655, 3655]          
           3741 :		   4		[87, 87, 3741, 3741]          
           3828 :		   4		[88, 88, 3828, 3828]          
           3876 :		   4		[19, 19, 3876, 3876]          
           3916 :		   4		[89, 89, 3916, 3916]          
           4005 :		   4		[90, 90, 4005, 4005]          
           4060 :		   4		[30, 30, 4060, 4060]          
           4095 :		   4		[91, 91, 4095, 4095]          
           4186 :		   4		[92, 92, 4186, 4186]          
           4278 :		   4		[93, 93, 4278, 4278]          
           4368 :		   4		[16, 16, 4368, 4368]          
           4371 :		   4		[94, 94, 4371, 4371]          
           4465 :		   4		[95, 95, 4465, 4465]          
           4495 :		   4		[31, 31, 4495, 4495]          
           4560 :		   4		[96, 96, 4560, 4560]          
           4656 :		   4		[97, 97, 4656, 4656]          
           4753 :		   4		[98, 98, 4753, 4753]          
           4845 :		   4		[20, 20, 4845, 4845]          
           4851 :		   4		[99, 99, 4851, 4851]          
           4950 :		   4		[100, 100, 4950, 4950]        
           4960 :		   4		[32, 32, 4960, 4960]          
           5005 :		   4		[15, 15, 5005, 5005]          
           5050 :		   4		[101, 101, 5050, 5050]        
           5151 :		   4		[102, 102, 5151, 5151]        
           5253 :		   4		[103, 103, 5253, 5253]        
           5356 :		   4		[104, 104, 5356, 5356]        
           5456 :		   4		[33, 33, 5456, 5456]          
           5460 :		   4		[105, 105, 5460, 5460]        
           5565 :		   4		[106, 106, 5565, 5565]        
           5671 :		   4		[107, 107, 5671, 5671]        
           5778 :		   4		[108, 108, 5778, 5778]        
           5886 :		   4		[109, 109, 5886, 5886]        
           5984 :		   4		[34, 34, 5984, 5984]          
           5985 :		   4		[21, 21, 5985, 5985]          
           5995 :		   4		[110, 110, 5995, 5995]        
           6105 :		   4		[111, 111, 6105, 6105]        
           6188 :		   4		[17, 17, 6188, 6188]          
           6216 :		   4		[112, 112, 6216, 6216]        
           6328 :		   4		[113, 113, 6328, 6328]        
           6435 :		   4		[15, 15, 6435, 6435]          
           6441 :		   4		[114, 114, 6441, 6441]        
           6545 :		   4		[35, 35, 6545, 6545]          
           6555 :		   4		[115, 115, 6555, 6555]        
           6670 :		   4		[116, 116, 6670, 6670]        
           6786 :		   4		[117, 117, 6786, 6786]        
           6903 :		   4		[118, 118, 6903, 6903]        
           7021 :		   4		[119, 119, 7021, 7021]        
           7140 :		   6		[36, 36, 120, 120, 7140, 7140]
           7260 :		   4		[121, 121, 7260, 7260]        
           7315 :		   4		[22, 22, 7315, 7315]          
           7381 :		   4		[122, 122, 7381, 7381]        
           7503 :		   4		[123, 123, 7503, 7503]        
           7626 :		   4		[124, 124, 7626, 7626]        
           7750 :		   4		[125, 125, 7750, 7750]        
           7770 :		   4		[37, 37, 7770, 7770]          
           7875 :		   4		[126, 126, 7875, 7875]        
           8001 :		   4		[127, 127, 8001, 8001]        
           8008 :		   4		[16, 16, 8008, 8008]          
           8128 :		   4		[128, 128, 8128, 8128]        
           8256 :		   4		[129, 129, 8256, 8256]        
           8385 :		   4		[130, 130, 8385, 8385]        
           8436 :		   4		[38, 38, 8436, 8436]          
           8515 :		   4		[131, 131, 8515, 8515]        
           8568 :		   4		[18, 18, 8568, 8568]          
           8646 :		   4		[132, 132, 8646, 8646]        
           8778 :		   4		[133, 133, 8778, 8778]        
           8855 :		   4		[23, 23, 8855, 8855]          
           8911 :		   4		[134, 134, 8911, 8911]        
           9045 :		   4		[135, 135, 9045, 9045]        
           9139 :		   4		[39, 39, 9139, 9139]          
           9180 :		   4		[136, 136, 9180, 9180]        
           9316 :		   4		[137, 137, 9316, 9316]        
           9453 :		   4		[138, 138, 9453, 9453]        
           9591 :		   4		[139, 139, 9591, 9591]        
           9730 :		   4		[140, 140, 9730, 9730]        
           9870 :		   4		[141, 141, 9870, 9870]        
           9880 :		   4		[40, 40, 9880, 9880]          
          10011 :		   4		[142, 142, 10011, 10011]      
          10153 :		   4		[143, 143, 10153, 10153]      
          10296 :		   4		[144, 144, 10296, 10296]      
          10440 :		   4		[145, 145, 10440, 10440]      
          10585 :		   4		[146, 146, 10585, 10585]      
          10626 :		   4		[24, 24, 10626, 10626]        
          10660 :		   4		[41, 41, 10660, 10660]        
          10731 :		   4		[147, 147, 10731, 10731]      
          10878 :		   4		[148, 148, 10878, 10878]      
          11026 :		   4		[149, 149, 11026, 11026]      
          11175 :		   4		[150, 150, 11175, 11175]      
          11325 :		   4		[151, 151, 11325, 11325]      
          11440 :		   4		[16, 16, 11440, 11440]        
          11476 :		   4		[152, 152, 11476, 11476]      
          11480 :		   4		[42, 42, 11480, 11480]        
          11628 :		   6		[19, 19, 153, 153, 11628, 11628]
          11781 :		   4		[154, 154, 11781, 11781]      
          11935 :		   4		[155, 155, 11935, 11935]      
          12090 :		   4		[156, 156, 12090, 12090]      
          12246 :		   4		[157, 157, 12246, 12246]      
          12341 :		   4		[43, 43, 12341, 12341]        
          12376 :		   4		[17, 17, 12376, 12376]        
          12403 :		   4		[158, 158, 12403, 12403]      
          12561 :		   4		[159, 159, 12561, 12561]      
          12650 :		   4		[25, 25, 12650, 12650]        
          12720 :		   4		[160, 160, 12720, 12720]      
          12880 :		   4		[161, 161, 12880, 12880]      
          13041 :		   4		[162, 162, 13041, 13041]      
          13203 :		   4		[163, 163, 13203, 13203]      
          13244 :		   4		[44, 44, 13244, 13244]        
          13366 :		   4		[164, 164, 13366, 13366]      
          13530 :		   4		[165, 165, 13530, 13530]      
          13695 :		   4		[166, 166, 13695, 13695]      
          13861 :		   4		[167, 167, 13861, 13861]      
          14028 :		   4		[168, 168, 14028, 14028]      
          14190 :		   4		[45, 45, 14190, 14190]        
          14196 :		   4		[169, 169, 14196, 14196]      
          14365 :		   4		[170, 170, 14365, 14365]      
          14535 :		   4		[171, 171, 14535, 14535]      
          14706 :		   4		[172, 172, 14706, 14706]      
          14878 :		   4		[173, 173, 14878, 14878]      
          14950 :		   4		[26, 26, 14950, 14950]        
          15051 :		   4		[174, 174, 15051, 15051]      
          15180 :		   4		[46, 46, 15180, 15180]        
          15225 :		   4		[175, 175, 15225, 15225]      
          15400 :		   4		[176, 176, 15400, 15400]      
          15504 :		   4		[20, 20, 15504, 15504]        
          15576 :		   4		[177, 177, 15576, 15576]      
          15753 :		   4		[178, 178, 15753, 15753]      
          15931 :		   4		[179, 179, 15931, 15931]      
          16110 :		   4		[180, 180, 16110, 16110]      
          16215 :		   4		[47, 47, 16215, 16215]        
          16290 :		   4		[181, 181, 16290, 16290]      
          16471 :		   4		[182, 182, 16471, 16471]      
          16653 :		   4		[183, 183, 16653, 16653]      
          16836 :		   4		[184, 184, 16836, 16836]      
          17020 :		   4		[185, 185, 17020, 17020]      
          17205 :		   4		[186, 186, 17205, 17205]      
          17296 :		   4		[48, 48, 17296, 17296]        
          17391 :		   4		[187, 187, 17391, 17391]      
          17550 :		   4		[27, 27, 17550, 17550]        
          17578 :		   4		[188, 188, 17578, 17578]      
          17766 :		   4		[189, 189, 17766, 17766]      
          17955 :		   4		[190, 190, 17955, 17955]      
          18145 :		   4		[191, 191, 18145, 18145]      
          18336 :		   4		[192, 192, 18336, 18336]      
          18424 :		   4		[49, 49, 18424, 18424]        
          18528 :		   4		[193, 193, 18528, 18528]      
          18564 :		   4		[18, 18, 18564, 18564]        
          18721 :		   4		[194, 194, 18721, 18721]      
          18915 :		   4		[195, 195, 18915, 18915]      
          19110 :		   4		[196, 196, 19110, 19110]      
          19306 :		   4		[197, 197, 19306, 19306]      
          19448 :		   4		[17, 17, 19448, 19448]        
          19503 :		   4		[198, 198, 19503, 19503]      
          19600 :		   4		[50, 50, 19600, 19600]        
          19701 :		   4		[199, 199, 19701, 19701]      
          19900 :		   4		[200, 200, 19900, 19900]      
          20100 :		   4		[201, 201, 20100, 20100]      
          20301 :		   4		[202, 202, 20301, 20301]      
          20349 :		   4		[21, 21, 20349, 20349]        
          20475 :		   4		[28, 28, 20475, 20475]        
          20503 :		   4		[203, 203, 20503, 20503]      
          20706 :		   4		[204, 204, 20706, 20706]      
          20825 :		   4		[51, 51, 20825, 20825]        
          20910 :		   4		[205, 205, 20910, 20910]      
          21115 :		   4		[206, 206, 21115, 21115]      
          21321 :		   4		[207, 207, 21321, 21321]      
          21528 :		   4		[208, 208, 21528, 21528]      
          21736 :		   4		[209, 209, 21736, 21736]      
          21945 :		   4		[210, 210, 21945, 21945]      
          22100 :		   4		[52, 52, 22100, 22100]        
          22155 :		   4		[211, 211, 22155, 22155]      
          22366 :		   4		[212, 212, 22366, 22366]      
          22578 :		   4		[213, 213, 22578, 22578]      
          22791 :		   4		[214, 214, 22791, 22791]      
          23005 :		   4		[215, 215, 23005, 23005]      
          23220 :		   4		[216, 216, 23220, 23220]      
          23426 :		   4		[53, 53, 23426, 23426]        
          23436 :		   4		[217, 217, 23436, 23436]      
          23653 :		   4		[218, 218, 23653, 23653]      
          23751 :		   4		[29, 29, 23751, 23751]        
          23871 :		   4		[219, 219, 23871, 23871]      
          24090 :		   4		[220, 220, 24090, 24090]      
          24310 :		   6		[17, 17, 221, 221, 24310, 24310]
          24531 :		   4		[222, 222, 24531, 24531]      
          24753 :		   4		[223, 223, 24753, 24753]      
          24804 :		   4		[54, 54, 24804, 24804]        
          24976 :		   4		[224, 224, 24976, 24976]      
          25200 :		   4		[225, 225, 25200, 25200]      
          25425 :		   4		[226, 226, 25425, 25425]      
          25651 :		   4		[227, 227, 25651, 25651]      
          25878 :		   4		[228, 228, 25878, 25878]      
          26106 :		   4		[229, 229, 26106, 26106]      
          26235 :		   4		[55, 55, 26235, 26235]        
          26334 :		   4		[22, 22, 26334, 26334]        
          26335 :		   4		[230, 230, 26335, 26335]      
          26565 :		   4		[231, 231, 26565, 26565]      
          26796 :		   4		[232, 232, 26796, 26796]      
          27028 :		   4		[233, 233, 27028, 27028]      
          27132 :		   4		[19, 19, 27132, 27132]        
          27261 :		   4		[234, 234, 27261, 27261]      
          27405 :		   4		[30, 30, 27405, 27405]        
          27495 :		   4		[235, 235, 27495, 27495]      
          27720 :		   4		[56, 56, 27720, 27720]        
          27730 :		   4		[236, 236, 27730, 27730]      
          27966 :		   4		[237, 237, 27966, 27966]      
          28203 :		   4		[238, 238, 28203, 28203]      
          28441 :		   4		[239, 239, 28441, 28441]      
          28680 :		   4		[240, 240, 28680, 28680]      
          28920 :		   4		[241, 241, 28920, 28920]      
          29161 :		   4		[242, 242, 29161, 29161]      
          29260 :		   4		[57, 57, 29260, 29260]        
          29403 :		   4		[243, 243, 29403, 29403]      
          29646 :		   4		[244, 244, 29646, 29646]      
          29890 :		   4		[245, 245, 29890, 29890]      
          30135 :		   4		[246, 246, 30135, 30135]      
          30381 :		   4		[247, 247, 30381, 30381]      
          30628 :		   4		[248, 248, 30628, 30628]      
          30856 :		   4		[58, 58, 30856, 30856]        
          30876 :		   4		[249, 249, 30876, 30876]      
          31125 :		   4		[250, 250, 31125, 31125]      
          31375 :		   4		[251, 251, 31375, 31375]      
          31465 :		   4		[31, 31, 31465, 31465]        
          31626 :		   4		[252, 252, 31626, 31626]      
          31824 :		   4		[18, 18, 31824, 31824]        
          31878 :		   4		[253, 253, 31878, 31878]      
          32131 :		   4		[254, 254, 32131, 32131]      
          32385 :		   4		[255, 255, 32385, 32385]      
          32509 :		   4		[59, 59, 32509, 32509]        
          32640 :		   4		[256, 256, 32640, 32640]      
          32896 :		   4		[257, 257, 32896, 32896]      
          33153 :		   4		[258, 258, 33153, 33153]      
          33411 :		   4		[259, 259, 33411, 33411]      
          33649 :		   4		[23, 23, 33649, 33649]        
          33670 :		   4		[260, 260, 33670, 33670]      
          33930 :		   4		[261, 261, 33930, 33930]      
          34191 :		   4		[262, 262, 34191, 34191]      
          34220 :		   4		[60, 60, 34220, 34220]        
          34453 :		   4		[263, 263, 34453, 34453]      
          34716 :		   4		[264, 264, 34716, 34716]      
          34980 :		   4		[265, 265, 34980, 34980]      
          35245 :		   4		[266, 266, 35245, 35245]      
          35511 :		   4		[267, 267, 35511, 35511]      
          35778 :		   4		[268, 268, 35778, 35778]      
          35960 :		   4		[32, 32, 35960, 35960]        
          35990 :		   4		[61, 61, 35990, 35990]        
          36046 :		   4		[269, 269, 36046, 36046]      
          36315 :		   4		[270, 270, 36315, 36315]      
          36585 :		   4		[271, 271, 36585, 36585]      
          36856 :		   4		[272, 272, 36856, 36856]      
          37128 :		   4		[273, 273, 37128, 37128]      
          37401 :		   4		[274, 274, 37401, 37401]      
          37675 :		   4		[275, 275, 37675, 37675]      
          37820 :		   4		[62, 62, 37820, 37820]        
          37950 :		   4		[276, 276, 37950, 37950]      
          38226 :		   4		[277, 277, 38226, 38226]      
          38503 :		   4		[278, 278, 38503, 38503]      
          38760 :		   4		[20, 20, 38760, 38760]        
          38781 :		   4		[279, 279, 38781, 38781]      
          39060 :		   4		[280, 280, 39060, 39060]      
          39340 :		   4		[281, 281, 39340, 39340]      
          39621 :		   4		[282, 282, 39621, 39621]      
          39711 :		   4		[63, 63, 39711, 39711]        
          39903 :		   4		[283, 283, 39903, 39903]      
          40186 :		   4		[284, 284, 40186, 40186]      
          40470 :		   4		[285, 285, 40470, 40470]      
          40755 :		   4		[286, 286, 40755, 40755]      
          40920 :		   4		[33, 33, 40920, 40920]        
          41041 :		   4		[287, 287, 41041, 41041]      
          41328 :		   4		[288, 288, 41328, 41328]      
          41616 :		   4		[289, 289, 41616, 41616]      
          41664 :		   4		[64, 64, 41664, 41664]        
          41905 :		   4		[290, 290, 41905, 41905]      
          42195 :		   4		[291, 291, 42195, 42195]      
          42486 :		   4		[292, 292, 42486, 42486]      
          42504 :		   4		[24, 24, 42504, 42504]        
          42778 :		   4		[293, 293, 42778, 42778]      
          43071 :		   4		[294, 294, 43071, 43071]      
          43365 :		   4		[295, 295, 43365, 43365]      
          43660 :		   4		[296, 296, 43660, 43660]      
          43680 :		   4		[65, 65, 43680, 43680]        
          43758 :		   4		[18, 18, 43758, 43758]        
          43956 :		   4		[297, 297, 43956, 43956]      
          44253 :		   4		[298, 298, 44253, 44253]      
          44551 :		   4		[299, 299, 44551, 44551]      
          44850 :		   4		[300, 300, 44850, 44850]      
          45150 :		   4		[301, 301, 45150, 45150]      
          45451 :		   4		[302, 302, 45451, 45451]      
          45753 :		   4		[303, 303, 45753, 45753]      
          45760 :		   4		[66, 66, 45760, 45760]        
          46056 :		   4		[304, 304, 46056, 46056]      
          46360 :		   4		[305, 305, 46360, 46360]      
          46376 :		   4		[34, 34, 46376, 46376]        
          46665 :		   4		[306, 306, 46665, 46665]      
          46971 :		   4		[307, 307, 46971, 46971]      
          47278 :		   4		[308, 308, 47278, 47278]      
          47586 :		   4		[309, 309, 47586, 47586]      
          47895 :		   4		[310, 310, 47895, 47895]      
          47905 :		   4		[67, 67, 47905, 47905]        
          48205 :		   4		[311, 311, 48205, 48205]      
          48516 :		   4		[312, 312, 48516, 48516]      
          48828 :		   4		[313, 313, 48828, 48828]      
          49141 :		   4		[314, 314, 49141, 49141]      
          49455 :		   4		[315, 315, 49455, 49455]      
          49770 :		   4		[316, 316, 49770, 49770]      
          50086 :		   4		[317, 317, 50086, 50086]      
          50116 :		   4		[68, 68, 50116, 50116]        
          50388 :		   4		[19, 19, 50388, 50388]        
          50403 :		   4		[318, 318, 50403, 50403]      
          50721 :		   4		[319, 319, 50721, 50721]      
          51040 :		   4		[320, 320, 51040, 51040]      
          51360 :		   4		[321, 321, 51360, 51360]      
          51681 :		   4		[322, 322, 51681, 51681]      
          52003 :		   4		[323, 323, 52003, 52003]      
          52326 :		   4		[324, 324, 52326, 52326]      
          52360 :		   4		[35, 35, 52360, 52360]        
          52394 :		   4		[69, 69, 52394, 52394]        
          52650 :		   4		[325, 325, 52650, 52650]      
          52975 :		   4		[326, 326, 52975, 52975]      
          53130 :		   4		[25, 25, 53130, 53130]        
          53301 :		   4		[327, 327, 53301, 53301]      
          53628 :		   4		[328, 328, 53628, 53628]      
          53956 :		   4		[329, 329, 53956, 53956]      
          54264 :		   4		[21, 21, 54264, 54264]        
          54285 :		   4		[330, 330, 54285, 54285]      
          54615 :		   4		[331, 331, 54615, 54615]      
          54740 :		   4		[70, 70, 54740, 54740]        
          54946 :		   4		[332, 332, 54946, 54946]      
          55278 :		   4		[333, 333, 55278, 55278]      
          55611 :		   4		[334, 334, 55611, 55611]      
          55945 :		   4		[335, 335, 55945, 55945]      
          56280 :		   4		[336, 336, 56280, 56280]      
          56616 :		   4		[337, 337, 56616, 56616]      
          56953 :		   4		[338, 338, 56953, 56953]      
          57155 :		   4		[71, 71, 57155, 57155]        
          57291 :		   4		[339, 339, 57291, 57291]      
          57630 :		   4		[340, 340, 57630, 57630]      
          57970 :		   4		[341, 341, 57970, 57970]      
          58311 :		   4		[342, 342, 58311, 58311]      
          58653 :		   4		[343, 343, 58653, 58653]      
          58905 :		   4		[36, 36, 58905, 58905]        
          58996 :		   4		[344, 344, 58996, 58996]      
          59340 :		   4		[345, 345, 59340, 59340]      
          59640 :		   4		[72, 72, 59640, 59640]        
          59685 :		   4		[346, 346, 59685, 59685]      
          60031 :		   4		[347, 347, 60031, 60031]      
          60378 :		   4		[348, 348, 60378, 60378]      
          60726 :		   4		[349, 349, 60726, 60726]      
          61075 :		   4		[350, 350, 61075, 61075]      
          61425 :		   4		[351, 351, 61425, 61425]      
          61776 :		   4		[352, 352, 61776, 61776]      
          62128 :		   4		[353, 353, 62128, 62128]      
          62196 :		   4		[73, 73, 62196, 62196]        
          62481 :		   4		[354, 354, 62481, 62481]      
          62835 :		   4		[355, 355, 62835, 62835]      
          63190 :		   4		[356, 356, 63190, 63190]      
          63546 :		   4		[357, 357, 63546, 63546]      
          63903 :		   4		[358, 358, 63903, 63903]      
          64261 :		   4		[359, 359, 64261, 64261]      
          64620 :		   4		[360, 360, 64620, 64620]      
          64824 :		   4		[74, 74, 64824, 64824]        
          64980 :		   4		[361, 361, 64980, 64980]      
          65341 :		   4		[362, 362, 65341, 65341]      
          65703 :		   4		[363, 363, 65703, 65703]      
          65780 :		   4		[26, 26, 65780, 65780]        
          66045 :		   4		[37, 37, 66045, 66045]        
          66066 :		   4		[364, 364, 66066, 66066]      
          66430 :		   4		[365, 365, 66430, 66430]      
          66795 :		   4		[366, 366, 66795, 66795]      
          67161 :		   4		[367, 367, 67161, 67161]      
          67525 :		   4		[75, 75, 67525, 67525]        
          67528 :		   4		[368, 368, 67528, 67528]      
          67896 :		   4		[369, 369, 67896, 67896]      
          68265 :		   4		[370, 370, 68265, 68265]      
          68635 :		   4		[371, 371, 68635, 68635]      
          69006 :		   4		[372, 372, 69006, 69006]      
          69378 :		   4		[373, 373, 69378, 69378]      
          69751 :		   4		[374, 374, 69751, 69751]      
          70125 :		   4		[375, 375, 70125, 70125]      
          70300 :		   4		[76, 76, 70300, 70300]        
          70500 :		   4		[376, 376, 70500, 70500]      
          70876 :		   4		[377, 377, 70876, 70876]      
          71253 :		   4		[378, 378, 71253, 71253]      
          71631 :		   4		[379, 379, 71631, 71631]      
          72010 :		   4		[380, 380, 72010, 72010]      
          72390 :		   4		[381, 381, 72390, 72390]      
          72771 :		   4		[382, 382, 72771, 72771]      
          73150 :		   4		[77, 77, 73150, 73150]        
          73153 :		   4		[383, 383, 73153, 73153]      
          73536 :		   4		[384, 384, 73536, 73536]      
          73815 :		   4		[38, 38, 73815, 73815]        
          73920 :		   4		[385, 385, 73920, 73920]      
          74305 :		   4		[386, 386, 74305, 74305]      
          74613 :		   4		[22, 22, 74613, 74613]        
          74691 :		   4		[387, 387, 74691, 74691]      
          75078 :		   4		[388, 388, 75078, 75078]      
          75466 :		   4		[389, 389, 75466, 75466]      
          75582 :		   4		[19, 19, 75582, 75582]        
          75855 :		   4		[390, 390, 75855, 75855]      
          76076 :		   4		[78, 78, 76076, 76076]        
          76245 :		   4		[391, 391, 76245, 76245]      
          76636 :		   4		[392, 392, 76636, 76636]      
          77028 :		   4		[393, 393, 77028, 77028]      
          77421 :		   4		[394, 394, 77421, 77421]      
          77520 :		   4		[20, 20, 77520, 77520]        
          77815 :		   4		[395, 395, 77815, 77815]      
          78210 :		   4		[396, 396, 78210, 78210]      
          78606 :		   4		[397, 397, 78606, 78606]      
          79003 :		   4		[398, 398, 79003, 79003]      
          79079 :		   4		[79, 79, 79079, 79079]        
          79401 :		   4		[399, 399, 79401, 79401]      
          79800 :		   4		[400, 400, 79800, 79800]      
          80200 :		   4		[401, 401, 80200, 80200]      
          80601 :		   4		[402, 402, 80601, 80601]      
          80730 :		   4		[27, 27, 80730, 80730]        
          81003 :		   4		[403, 403, 81003, 81003]      
          81406 :		   4		[404, 404, 81406, 81406]      
          81810 :		   4		[405, 405, 81810, 81810]      
          82160 :		   4		[80, 80, 82160, 82160]        
          82215 :		   4		[406, 406, 82215, 82215]      
          82251 :		   4		[39, 39, 82251, 82251]        
          82621 :		   4		[407, 407, 82621, 82621]      
          83028 :		   4		[408, 408, 83028, 83028]      
          83436 :		   4		[409, 409, 83436, 83436]      
          83845 :		   4		[410, 410, 83845, 83845]      
          84255 :		   4		[411, 411, 84255, 84255]      
          84666 :		   4		[412, 412, 84666, 84666]      
          85078 :		   4		[413, 413, 85078, 85078]      
          85320 :		   4		[81, 81, 85320, 85320]        
          85491 :		   4		[414, 414, 85491, 85491]      
          85905 :		   4		[415, 415, 85905, 85905]      
          86320 :		   4		[416, 416, 86320, 86320]      
          86736 :		   4		[417, 417, 86736, 86736]      
          87153 :		   4		[418, 418, 87153, 87153]      
          87571 :		   4		[419, 419, 87571, 87571]      
          87990 :		   4		[420, 420, 87990, 87990]      
          88410 :		   4		[421, 421, 88410, 88410]      
          88560 :		   4		[82, 82, 88560, 88560]        
          88831 :		   4		[422, 422, 88831, 88831]      
          89253 :		   4		[423, 423, 89253, 89253]      
          89676 :		   4		[424, 424, 89676, 89676]      
          90100 :		   4		[425, 425, 90100, 90100]      
          90525 :		   4		[426, 426, 90525, 90525]      
          90951 :		   4		[427, 427, 90951, 90951]      
          91378 :		   4		[428, 428, 91378, 91378]      
          91390 :		   4		[40, 40, 91390, 91390]        
          91806 :		   4		[429, 429, 91806, 91806]      
          91881 :		   4		[83, 83, 91881, 91881]        
          92235 :		   4		[430, 430, 92235, 92235]      
          92378 :		   4		[19, 19, 92378, 92378]        
          92665 :		   4		[431, 431, 92665, 92665]      
          93096 :		   4		[432, 432, 93096, 93096]      
          93528 :		   4		[433, 433, 93528, 93528]      
          93961 :		   4		[434, 434, 93961, 93961]      
          94395 :		   4		[435, 435, 94395, 94395]      
          94830 :		   4		[436, 436, 94830, 94830]      
          95266 :		   4		[437, 437, 95266, 95266]      
          95284 :		   4		[84, 84, 95284, 95284]        
          95703 :		   4		[438, 438, 95703, 95703]      
          96141 :		   4		[439, 439, 96141, 96141]      
          96580 :		   4		[440, 440, 96580, 96580]      
          97020 :		   4		[441, 441, 97020, 97020]      
          97461 :		   4		[442, 442, 97461, 97461]      
          97903 :		   4		[443, 443, 97903, 97903]      
          98280 :		   4		[28, 28, 98280, 98280]        
          98346 :		   4		[444, 444, 98346, 98346]      
          98770 :		   4		[85, 85, 98770, 98770]        
          98790 :		   4		[445, 445, 98790, 98790]      
          99235 :		   4		[446, 446, 99235, 99235]      
          99681 :		   4		[447, 447, 99681, 99681]      
         100128 :		   4		[448, 448, 100128, 100128]    
         100576 :		   4		[449, 449, 100576, 100576]    
         100947 :		   4		[23, 23, 100947, 100947]      
         101025 :		   4		[450, 450, 101025, 101025]    
         101270 :		   4		[41, 41, 101270, 101270]      
         101475 :		   4		[451, 451, 101475, 101475]    
         101926 :		   4		[452, 452, 101926, 101926]    
         102340 :		   4		[86, 86, 102340, 102340]      
         102378 :		   4		[453, 453, 102378, 102378]    
         102831 :		   4		[454, 454, 102831, 102831]    
         103285 :		   4		[455, 455, 103285, 103285]    
         103740 :		   4		[456, 456, 103740, 103740]    
         104196 :		   4		[457, 457, 104196, 104196]    
         104653 :		   4		[458, 458, 104653, 104653]    
         105111 :		   4		[459, 459, 105111, 105111]    
         105570 :		   4		[460, 460, 105570, 105570]    
         105995 :		   4		[87, 87, 105995, 105995]      
         106030 :		   4		[461, 461, 106030, 106030]    
         106491 :		   4		[462, 462, 106491, 106491]    
         106953 :		   4		[463, 463, 106953, 106953]    
         107416 :		   4		[464, 464, 107416, 107416]    
         107880 :		   4		[465, 465, 107880, 107880]    
         108345 :		   4		[466, 466, 108345, 108345]    
         108811 :		   4		[467, 467, 108811, 108811]    
         109278 :		   4		[468, 468, 109278, 109278]    
         109736 :		   4		[88, 88, 109736, 109736]      
         109746 :		   4		[469, 469, 109746, 109746]    
         110215 :		   4		[470, 470, 110215, 110215]    
         110685 :		   4		[471, 471, 110685, 110685]    
         111156 :		   4		[472, 472, 111156, 111156]    
         111628 :		   4		[473, 473, 111628, 111628]    
         111930 :		   4		[42, 42, 111930, 111930]      
         112101 :		   4		[474, 474, 112101, 112101]    
         112575 :		   4		[475, 475, 112575, 112575]    
         113050 :		   4		[476, 476, 113050, 113050]    
         113526 :		   4		[477, 477, 113526, 113526]    
         113564 :		   4		[89, 89, 113564, 113564]      
         114003 :		   4		[478, 478, 114003, 114003]    
         114481 :		   4		[479, 479, 114481, 114481]    
         114960 :		   4		[480, 480, 114960, 114960]    
         115440 :		   4		[481, 481, 115440, 115440]    
         115921 :		   4		[482, 482, 115921, 115921]    
         116280 :		   4		[21, 21, 116280, 116280]      
         116403 :		   4		[483, 483, 116403, 116403]    
         116886 :		   4		[484, 484, 116886, 116886]    
         117370 :		   4		[485, 485, 117370, 117370]    
         117480 :		   4		[90, 90, 117480, 117480]      
         117855 :		   4		[486, 486, 117855, 117855]    
         118341 :		   4		[487, 487, 118341, 118341]    
         118755 :		   4		[29, 29, 118755, 118755]      
         118828 :		   4		[488, 488, 118828, 118828]    
         119316 :		   4		[489, 489, 119316, 119316]    
         119805 :		   4		[490, 490, 119805, 119805]    
         120295 :		   4		[491, 491, 120295, 120295]    
         120786 :		   4		[492, 492, 120786, 120786]    
         121278 :		   4		[493, 493, 121278, 121278]    
         121485 :		   4		[91, 91, 121485, 121485]      
         121771 :		   4		[494, 494, 121771, 121771]    
         122265 :		   4		[495, 495, 122265, 122265]    
         122760 :		   4		[496, 496, 122760, 122760]    
         123256 :		   4		[497, 497, 123256, 123256]    
         123410 :		   4		[43, 43, 123410, 123410]      
         123753 :		   4		[498, 498, 123753, 123753]    
         124251 :		   4		[499, 499, 124251, 124251]    
         124750 :		   4		[500, 500, 124750, 124750]    
         125250 :		   4		[501, 501, 125250, 125250]    
         125580 :		   4		[92, 92, 125580, 125580]      
         125751 :		   4		[502, 502, 125751, 125751]    
         125970 :		   4		[20, 20, 125970, 125970]      
         126253 :		   4		[503, 503, 126253, 126253]    
         126756 :		   4		[504, 504, 126756, 126756]    
         127260 :		   4		[505, 505, 127260, 127260]    
         127765 :		   4		[506, 506, 127765, 127765]    
         128271 :		   4		[507, 507, 128271, 128271]    
         128778 :		   4		[508, 508, 128778, 128778]    
         129286 :		   4		[509, 509, 129286, 129286]    
         129766 :		   4		[93, 93, 129766, 129766]      
         129795 :		   4		[510, 510, 129795, 129795]    
         130305 :		   4		[511, 511, 130305, 130305]    
         130816 :		   4		[512, 512, 130816, 130816]    
         131328 :		   4		[513, 513, 131328, 131328]    
         131841 :		   4		[514, 514, 131841, 131841]    
         132355 :		   4		[515, 515, 132355, 132355]    
         132870 :		   4		[516, 516, 132870, 132870]    
         133386 :		   4		[517, 517, 133386, 133386]    
         133903 :		   4		[518, 518, 133903, 133903]    
         134044 :		   4		[94, 94, 134044, 134044]      
         134421 :		   4		[519, 519, 134421, 134421]    
         134596 :		   4		[24, 24, 134596, 134596]      
         134940 :		   4		[520, 520, 134940, 134940]    
         135460 :		   4		[521, 521, 135460, 135460]    
         135751 :		   4		[44, 44, 135751, 135751]      
         135981 :		   4		[522, 522, 135981, 135981]    
         136503 :		   4		[523, 523, 136503, 136503]    
         137026 :		   4		[524, 524, 137026, 137026]    
         137550 :		   4		[525, 525, 137550, 137550]    
         138075 :		   4		[526, 526, 138075, 138075]    
         138415 :		   4		[95, 95, 138415, 138415]      
         138601 :		   4		[527, 527, 138601, 138601]    
         139128 :		   4		[528, 528, 139128, 139128]    
         139656 :		   4		[529, 529, 139656, 139656]    
         140185 :		   4		[530, 530, 140185, 140185]    
         140715 :		   4		[531, 531, 140715, 140715]    
         141246 :		   4		[532, 532, 141246, 141246]    
         141778 :		   4		[533, 533, 141778, 141778]    
         142311 :		   4		[534, 534, 142311, 142311]    
         142506 :		   4		[30, 30, 142506, 142506]      
         142845 :		   4		[535, 535, 142845, 142845]    
         142880 :		   4		[96, 96, 142880, 142880]      
         143380 :		   4		[536, 536, 143380, 143380]    
         143916 :		   4		[537, 537, 143916, 143916]    
         144453 :		   4		[538, 538, 144453, 144453]    
         144991 :		   4		[539, 539, 144991, 144991]    
         145530 :		   4		[540, 540, 145530, 145530]    
         146070 :		   4		[541, 541, 146070, 146070]    
         146611 :		   4		[542, 542, 146611, 146611]    
         147153 :		   4		[543, 543, 147153, 147153]    
         147440 :		   4		[97, 97, 147440, 147440]      
         147696 :		   4		[544, 544, 147696, 147696]    
         148240 :		   4		[545, 545, 148240, 148240]    
         148785 :		   4		[546, 546, 148785, 148785]    
         148995 :		   4		[45, 45, 148995, 148995]      
         149331 :		   4		[547, 547, 149331, 149331]    
         149878 :		   4		[548, 548, 149878, 149878]    
         150426 :		   4		[549, 549, 150426, 150426]    
         150975 :		   4		[550, 550, 150975, 150975]    
         151525 :		   4		[551, 551, 151525, 151525]    
         152076 :		   4		[552, 552, 152076, 152076]    
         152096 :		   4		[98, 98, 152096, 152096]      
         152628 :		   4		[553, 553, 152628, 152628]    
         153181 :		   4		[554, 554, 153181, 153181]    
         153735 :		   4		[555, 555, 153735, 153735]    
         154290 :		   4		[556, 556, 154290, 154290]    
         154846 :		   4		[557, 557, 154846, 154846]    
         155403 :		   4		[558, 558, 155403, 155403]    
         155961 :		   4		[559, 559, 155961, 155961]    
         156520 :		   4		[560, 560, 156520, 156520]    
         156849 :		   4		[99, 99, 156849, 156849]      
         157080 :		   4		[561, 561, 157080, 157080]    
         157641 :		   4		[562, 562, 157641, 157641]    
         158203 :		   4		[563, 563, 158203, 158203]    
         158766 :		   4		[564, 564, 158766, 158766]    
         159330 :		   4		[565, 565, 159330, 159330]    
         159895 :		   4		[566, 566, 159895, 159895]    
         160461 :		   4		[567, 567, 160461, 160461]    
         161028 :		   4		[568, 568, 161028, 161028]    
         161596 :		   4		[569, 569, 161596, 161596]    
         161700 :		   4		[100, 100, 161700, 161700]    
         162165 :		   4		[570, 570, 162165, 162165]    
         162735 :		   4		[571, 571, 162735, 162735]    
         163185 :		   4		[46, 46, 163185, 163185]      
         163306 :		   4		[572, 572, 163306, 163306]    
         163878 :		   4		[573, 573, 163878, 163878]    
         164451 :		   4		[574, 574, 164451, 164451]    
         165025 :		   4		[575, 575, 165025, 165025]    
         165600 :		   4		[576, 576, 165600, 165600]    
         166176 :		   4		[577, 577, 166176, 166176]    
         166650 :		   4		[101, 101, 166650, 166650]    
         166753 :		   4		[578, 578, 166753, 166753]    
         167331 :		   4		[579, 579, 167331, 167331]    
         167910 :		   4		[580, 580, 167910, 167910]    
         167960 :		   4		[20, 20, 167960, 167960]      
         168490 :		   4		[581, 581, 168490, 168490]    
         169071 :		   4		[582, 582, 169071, 169071]    
         169653 :		   4		[583, 583, 169653, 169653]    
         169911 :		   4		[31, 31, 169911, 169911]      
         170236 :		   4		[584, 584, 170236, 170236]    
         170544 :		   4		[22, 22, 170544, 170544]      
         170820 :		   4		[585, 585, 170820, 170820]    
         171405 :		   4		[586, 586, 171405, 171405]    
         171700 :		   4		[102, 102, 171700, 171700]    
         171991 :		   4		[587, 587, 171991, 171991]    
         172578 :		   4		[588, 588, 172578, 172578]    
         173166 :		   4		[589, 589, 173166, 173166]    
         173755 :		   4		[590, 590, 173755, 173755]    
         174345 :		   4		[591, 591, 174345, 174345]    
         174936 :		   4		[592, 592, 174936, 174936]    
         175528 :		   4		[593, 593, 175528, 175528]    
         176121 :		   4		[594, 594, 176121, 176121]    
         176715 :		   4		[595, 595, 176715, 176715]    
         176851 :		   4		[103, 103, 176851, 176851]    
         177100 :		   4		[25, 25, 177100, 177100]      
         177310 :		   4		[596, 596, 177310, 177310]    
         177906 :		   4		[597, 597, 177906, 177906]    
         178365 :		   4		[47, 47, 178365, 178365]      
         178503 :		   4		[598, 598, 178503, 178503]    
         179101 :		   4		[599, 599, 179101, 179101]    
         179700 :		   4		[600, 600, 179700, 179700]    
         180300 :		   4		[601, 601, 180300, 180300]    
         180901 :		   4		[602, 602, 180901, 180901]    
         181503 :		   4		[603, 603, 181503, 181503]    
         182104 :		   4		[104, 104, 182104, 182104]    
         182106 :		   4		[604, 604, 182106, 182106]    
         182710 :		   4		[605, 605, 182710, 182710]    
         183315 :		   4		[606, 606, 183315, 183315]    
         183921 :		   4		[607, 607, 183921, 183921]    
         184528 :		   4		[608, 608, 184528, 184528]    
         185136 :		   4		[609, 609, 185136, 185136]    
         185745 :		   4		[610, 610, 185745, 185745]    
         186355 :		   4		[611, 611, 186355, 186355]    
         186966 :		   4		[612, 612, 186966, 186966]    
         187460 :		   4		[105, 105, 187460, 187460]    
         187578 :		   4		[613, 613, 187578, 187578]    
         188191 :		   4		[614, 614, 188191, 188191]    
         188805 :		   4		[615, 615, 188805, 188805]    
         189420 :		   4		[616, 616, 189420, 189420]    
         190036 :		   4		[617, 617, 190036, 190036]    
         190653 :		   4		[618, 618, 190653, 190653]    
         191271 :		   4		[619, 619, 191271, 191271]    
         191890 :		   4		[620, 620, 191890, 191890]    
         192510 :		   4		[621, 621, 192510, 192510]    
         192920 :		   4		[106, 106, 192920, 192920]    
         193131 :		   4		[622, 622, 193131, 193131]    
         193753 :		   4		[623, 623, 193753, 193753]    
         194376 :		   4		[624, 624, 194376, 194376]    
         194580 :		   4		[48, 48, 194580, 194580]      
         195000 :		   4		[625, 625, 195000, 195000]    
         195625 :		   4		[626, 626, 195625, 195625]    
         196251 :		   4		[627, 627, 196251, 196251]    
         196878 :		   4		[628, 628, 196878, 196878]    
         197506 :		   4		[629, 629, 197506, 197506]    
         198135 :		   4		[630, 630, 198135, 198135]    
         198485 :		   4		[107, 107, 198485, 198485]    
         198765 :		   4		[631, 631, 198765, 198765]    
         199396 :		   4		[632, 632, 199396, 199396]    
         200028 :		   4		[633, 633, 200028, 200028]    
         200661 :		   4		[634, 634, 200661, 200661]    
         201295 :		   4		[635, 635, 201295, 201295]    
         201376 :		   4		[32, 32, 201376, 201376]      
         201930 :		   4		[636, 636, 201930, 201930]    
         202566 :		   4		[637, 637, 202566, 202566]    
         203203 :		   4		[638, 638, 203203, 203203]    
         203490 :		   4		[21, 21, 203490, 203490]      
         203841 :		   4		[639, 639, 203841, 203841]    
         204156 :		   4		[108, 108, 204156, 204156]    
         204480 :		   4		[640, 640, 204480, 204480]    
         205120 :		   4		[641, 641, 205120, 205120]    
         205761 :		   4		[642, 642, 205761, 205761]    
         206403 :		   4		[643, 643, 206403, 206403]    
         207046 :		   4		[644, 644, 207046, 207046]    
         207690 :		   4		[645, 645, 207690, 207690]    
         208335 :		   4		[646, 646, 208335, 208335]    
         208981 :		   4		[647, 647, 208981, 208981]    
         209628 :		   4		[648, 648, 209628, 209628]    
         209934 :		   4		[109, 109, 209934, 209934]    
         210276 :		   4		[649, 649, 210276, 210276]    
         210925 :		   4		[650, 650, 210925, 210925]    
         211575 :		   4		[651, 651, 211575, 211575]    
         211876 :		   4		[49, 49, 211876, 211876]      
         212226 :		   4		[652, 652, 212226, 212226]    
         212878 :		   4		[653, 653, 212878, 212878]    
         213531 :		   4		[654, 654, 213531, 213531]    
         214185 :		   4		[655, 655, 214185, 214185]    
         214840 :		   4		[656, 656, 214840, 214840]    
         215496 :		   4		[657, 657, 215496, 215496]    
         215820 :		   4		[110, 110, 215820, 215820]    
         216153 :		   4		[658, 658, 216153, 216153]    
         216811 :		   4		[659, 659, 216811, 216811]    
         217470 :		   4		[660, 660, 217470, 217470]    
         218130 :		   4		[661, 661, 218130, 218130]    
         218791 :		   4		[662, 662, 218791, 218791]    
         219453 :		   4		[663, 663, 219453, 219453]    
         220116 :		   4		[664, 664, 220116, 220116]    
         220780 :		   4		[665, 665, 220780, 220780]    
         221445 :		   4		[666, 666, 221445, 221445]    
         221815 :		   4		[111, 111, 221815, 221815]    
         222111 :		   4		[667, 667, 222111, 222111]    
         222778 :		   4		[668, 668, 222778, 222778]    
         223446 :		   4		[669, 669, 223446, 223446]    
         224115 :		   4		[670, 670, 224115, 224115]    
         224785 :		   4		[671, 671, 224785, 224785]    
         225456 :		   4		[672, 672, 225456, 225456]    
         226128 :		   4		[673, 673, 226128, 226128]    
         226801 :		   4		[674, 674, 226801, 226801]    
         227475 :		   4		[675, 675, 227475, 227475]    
         227920 :		   4		[112, 112, 227920, 227920]    
         228150 :		   4		[676, 676, 228150, 228150]    
         228826 :		   4		[677, 677, 228826, 228826]    
         229503 :		   4		[678, 678, 229503, 229503]    
         230181 :		   4		[679, 679, 230181, 230181]    
         230230 :		   4		[26, 26, 230230, 230230]      
         230300 :		   4		[50, 50, 230300, 230300]      
         230860 :		   4		[680, 680, 230860, 230860]    
         231540 :		   4		[681, 681, 231540, 231540]    
         232221 :		   4		[682, 682, 232221, 232221]    
         232903 :		   4		[683, 683, 232903, 232903]    
         233586 :		   4		[684, 684, 233586, 233586]    
         234136 :		   4		[113, 113, 234136, 234136]    
         234270 :		   4		[685, 685, 234270, 234270]    
         234955 :		   4		[686, 686, 234955, 234955]    
         235641 :		   4		[687, 687, 235641, 235641]    
         236328 :		   4		[688, 688, 236328, 236328]    
         237016 :		   4		[689, 689, 237016, 237016]    
         237336 :		   4		[33, 33, 237336, 237336]      
         237705 :		   4		[690, 690, 237705, 237705]    
         238395 :		   4		[691, 691, 238395, 238395]    
         239086 :		   4		[692, 692, 239086, 239086]    
         239778 :		   4		[693, 693, 239778, 239778]    
         240464 :		   4		[114, 114, 240464, 240464]    
         240471 :		   4		[694, 694, 240471, 240471]    
         241165 :		   4		[695, 695, 241165, 241165]    
         241860 :		   4		[696, 696, 241860, 241860]    
         242556 :		   4		[697, 697, 242556, 242556]    
         243253 :		   4		[698, 698, 243253, 243253]    
         243951 :		   4		[699, 699, 243951, 243951]    
         244650 :		   4		[700, 700, 244650, 244650]    
         245157 :		   4		[23, 23, 245157, 245157]      
         245350 :		   4		[701, 701, 245350, 245350]    
         246051 :		   4		[702, 702, 246051, 246051]    
         246753 :		   4		[703, 703, 246753, 246753]    
         246905 :		   4		[115, 115, 246905, 246905]    
         247456 :		   4		[704, 704, 247456, 247456]    
         248160 :		   4		[705, 705, 248160, 248160]    
         248865 :		   4		[706, 706, 248865, 248865]    
         249571 :		   4		[707, 707, 249571, 249571]    
         249900 :		   4		[51, 51, 249900, 249900]      
         250278 :		   4		[708, 708, 250278, 250278]    
         250986 :		   4		[709, 709, 250986, 250986]    
         251695 :		   4		[710, 710, 251695, 251695]    
         252405 :		   4		[711, 711, 252405, 252405]    
         253116 :		   4		[712, 712, 253116, 253116]    
         253460 :		   4		[116, 116, 253460, 253460]    
         253828 :		   4		[713, 713, 253828, 253828]    
         254541 :		   4		[714, 714, 254541, 254541]    
         255255 :		   4		[715, 715, 255255, 255255]    
         255970 :		   4		[716, 716, 255970, 255970]    
         256686 :		   4		[717, 717, 256686, 256686]    
         257403 :		   4		[718, 718, 257403, 257403]    
         258121 :		   4		[719, 719, 258121, 258121]    
         258840 :		   4		[720, 720, 258840, 258840]    
         259560 :		   4		[721, 721, 259560, 259560]    
         260130 :		   4		[117, 117, 260130, 260130]    
         260281 :		   4		[722, 722, 260281, 260281]    
         261003 :		   4		[723, 723, 261003, 261003]    
         261726 :		   4		[724, 724, 261726, 261726]    
         262450 :		   4		[725, 725, 262450, 262450]    
         263175 :		   4		[726, 726, 263175, 263175]    
         263901 :		   4		[727, 727, 263901, 263901]    
         264628 :		   4		[728, 728, 264628, 264628]    
         265356 :		   4		[729, 729, 265356, 265356]    
         266085 :		   4		[730, 730, 266085, 266085]    
         266815 :		   4		[731, 731, 266815, 266815]    
         266916 :		   4		[118, 118, 266916, 266916]    
         267546 :		   4		[732, 732, 267546, 267546]    
         268278 :		   4		[733, 733, 268278, 268278]    
         269011 :		   4		[734, 734, 269011, 269011]    
         269745 :		   4		[735, 735, 269745, 269745]    
         270480 :		   4		[736, 736, 270480, 270480]    
         270725 :		   4		[52, 52, 270725, 270725]      
         271216 :		   4		[737, 737, 271216, 271216]    
         271953 :		   4		[738, 738, 271953, 271953]    
         272691 :		   4		[739, 739, 272691, 272691]    
         273430 :		   4		[740, 740, 273430, 273430]    
         273819 :		   4		[119, 119, 273819, 273819]    
         274170 :		   4		[741, 741, 274170, 274170]    
         274911 :		   4		[742, 742, 274911, 274911]    
         275653 :		   4		[743, 743, 275653, 275653]    
         276396 :		   4		[744, 744, 276396, 276396]    
         277140 :		   4		[745, 745, 277140, 277140]    
         277885 :		   4		[746, 746, 277885, 277885]    
         278256 :		   4		[34, 34, 278256, 278256]      
         278631 :		   4		[747, 747, 278631, 278631]    
         279378 :		   4		[748, 748, 279378, 279378]    
         280126 :		   4		[749, 749, 280126, 280126]    
         280840 :		   4		[120, 120, 280840, 280840]    
         280875 :		   4		[750, 750, 280875, 280875]    
         281625 :		   4		[751, 751, 281625, 281625]    
         282376 :		   4		[752, 752, 282376, 282376]    
         283128 :		   4		[753, 753, 283128, 283128]    
         283881 :		   4		[754, 754, 283881, 283881]    
         284635 :		   4		[755, 755, 284635, 284635]    
         285390 :		   4		[756, 756, 285390, 285390]    
         286146 :		   4		[757, 757, 286146, 286146]    
         286903 :		   4		[758, 758, 286903, 286903]    
         287661 :		   4		[759, 759, 287661, 287661]    
         287980 :		   4		[121, 121, 287980, 287980]    
         288420 :		   4		[760, 760, 288420, 288420]    
         289180 :		   4		[761, 761, 289180, 289180]    
         289941 :		   4		[762, 762, 289941, 289941]    
         290703 :		   4		[763, 763, 290703, 290703]    
         291466 :		   4		[764, 764, 291466, 291466]    
         292230 :		   4		[765, 765, 292230, 292230]    
         292825 :		   4		[53, 53, 292825, 292825]      
         292995 :		   4		[766, 766, 292995, 292995]    
         293761 :		   4		[767, 767, 293761, 293761]    
         293930 :		   4		[21, 21, 293930, 293930]      
         294528 :		   4		[768, 768, 294528, 294528]    
         295240 :		   4		[122, 122, 295240, 295240]    
         295296 :		   4		[769, 769, 295296, 295296]    
         296010 :		   4		[27, 27, 296010, 296010]      
         296065 :		   4		[770, 770, 296065, 296065]    
         296835 :		   4		[771, 771, 296835, 296835]    
         297606 :		   4		[772, 772, 297606, 297606]    
         298378 :		   4		[773, 773, 298378, 298378]    
         299151 :		   4		[774, 774, 299151, 299151]    
         299925 :		   4		[775, 775, 299925, 299925]    
         300700 :		   4		[776, 776, 300700, 300700]    
         301476 :		   4		[777, 777, 301476, 301476]    
         302253 :		   4		[778, 778, 302253, 302253]    
         302621 :		   4		[123, 123, 302621, 302621]    
         303031 :		   4		[779, 779, 303031, 303031]    
         303810 :		   4		[780, 780, 303810, 303810]    
         304590 :		   4		[781, 781, 304590, 304590]    
         305371 :		   4		[782, 782, 305371, 305371]    
         306153 :		   4		[783, 783, 306153, 306153]    
         306936 :		   4		[784, 784, 306936, 306936]    
         307720 :		   4		[785, 785, 307720, 307720]    
         308505 :		   4		[786, 786, 308505, 308505]    
         309291 :		   4		[787, 787, 309291, 309291]    
         310078 :		   4		[788, 788, 310078, 310078]    
         310124 :		   4		[124, 124, 310124, 310124]    
         310866 :		   4		[789, 789, 310866, 310866]    
         311655 :		   4		[790, 790, 311655, 311655]    
         312445 :		   4		[791, 791, 312445, 312445]    
         313236 :		   4		[792, 792, 313236, 313236]    
         314028 :		   4		[793, 793, 314028, 314028]    
         314821 :		   4		[794, 794, 314821, 314821]    
         315615 :		   4		[795, 795, 315615, 315615]    
         316251 :		   4		[54, 54, 316251, 316251]      
         316410 :		   4		[796, 796, 316410, 316410]    
         317206 :		   4		[797, 797, 317206, 317206]    
         317750 :		   4		[125, 125, 317750, 317750]    
         318003 :		   4		[798, 798, 318003, 318003]    
         318801 :		   4		[799, 799, 318801, 318801]    
         319600 :		   4		[800, 800, 319600, 319600]    
         319770 :		   4		[22, 22, 319770, 319770]      
         320400 :		   4		[801, 801, 320400, 320400]    
         321201 :		   4		[802, 802, 321201, 321201]    
         322003 :		   4		[803, 803, 322003, 322003]    
         322806 :		   4		[804, 804, 322806, 322806]    
         323610 :		   4		[805, 805, 323610, 323610]    
         324415 :		   4		[806, 806, 324415, 324415]    
         324632 :		   4		[35, 35, 324632, 324632]      
         325221 :		   4		[807, 807, 325221, 325221]    
         325500 :		   4		[126, 126, 325500, 325500]    
         326028 :		   4		[808, 808, 326028, 326028]    
         326836 :		   4		[809, 809, 326836, 326836]    
         327645 :		   4		[810, 810, 327645, 327645]    
         328455 :		   4		[811, 811, 328455, 328455]    
         329266 :		   4		[812, 812, 329266, 329266]    
         330078 :		   4		[813, 813, 330078, 330078]    
         330891 :		   4		[814, 814, 330891, 330891]    
         331705 :		   4		[815, 815, 331705, 331705]    
         332520 :		   4		[816, 816, 332520, 332520]    
         333336 :		   4		[817, 817, 333336, 333336]    
         333375 :		   4		[127, 127, 333375, 333375]    
         334153 :		   4		[818, 818, 334153, 334153]    
         334971 :		   4		[819, 819, 334971, 334971]    
         335790 :		   4		[820, 820, 335790, 335790]    
         336610 :		   4		[821, 821, 336610, 336610]    
         337431 :		   4		[822, 822, 337431, 337431]    
         338253 :		   4		[823, 823, 338253, 338253]    
         339076 :		   4		[824, 824, 339076, 339076]    
         339900 :		   4		[825, 825, 339900, 339900]    
         340725 :		   4		[826, 826, 340725, 340725]    
         341055 :		   4		[55, 55, 341055, 341055]      
         341376 :		   4		[128, 128, 341376, 341376]    
         341551 :		   4		[827, 827, 341551, 341551]    
         342378 :		   4		[828, 828, 342378, 342378]    
         343206 :		   4		[829, 829, 343206, 343206]    
         344035 :		   4		[830, 830, 344035, 344035]    
         344865 :		   4		[831, 831, 344865, 344865]    
         345696 :		   4		[832, 832, 345696, 345696]    
         346104 :		   4		[24, 24, 346104, 346104]      
         346528 :		   4		[833, 833, 346528, 346528]    
         347361 :		   4		[834, 834, 347361, 347361]    
         348195 :		   4		[835, 835, 348195, 348195]    
         349030 :		   4		[836, 836, 349030, 349030]    
         349504 :		   4		[129, 129, 349504, 349504]    
         349866 :		   4		[837, 837, 349866, 349866]    
         350703 :		   4		[838, 838, 350703, 350703]    
         351541 :		   4		[839, 839, 351541, 351541]    
         352380 :		   4		[840, 840, 352380, 352380]    
         352716 :		   4		[21, 21, 352716, 352716]      
         353220 :		   4		[841, 841, 353220, 353220]    
         354061 :		   4		[842, 842, 354061, 354061]    
         354903 :		   4		[843, 843, 354903, 354903]    
         355746 :		   4		[844, 844, 355746, 355746]    
         356590 :		   4		[845, 845, 356590, 356590]    
         357435 :		   4		[846, 846, 357435, 357435]    
         357760 :		   4		[130, 130, 357760, 357760]    
         358281 :		   4		[847, 847, 358281, 358281]    
         359128 :		   4		[848, 848, 359128, 359128]    
         359976 :		   4		[849, 849, 359976, 359976]    
         360825 :		   4		[850, 850, 360825, 360825]    
         361675 :		   4		[851, 851, 361675, 361675]    
         362526 :		   4		[852, 852, 362526, 362526]    
         363378 :		   4		[853, 853, 363378, 363378]    
         364231 :		   4		[854, 854, 364231, 364231]    
         365085 :		   4		[855, 855, 365085, 365085]    
         365940 :		   4		[856, 856, 365940, 365940]    
         366145 :		   4		[131, 131, 366145, 366145]    
         366796 :		   4		[857, 857, 366796, 366796]    
         367290 :		   4		[56, 56, 367290, 367290]      
         367653 :		   4		[858, 858, 367653, 367653]    
         368511 :		   4		[859, 859, 368511, 368511]    
         369370 :		   4		[860, 860, 369370, 369370]    
         370230 :		   4		[861, 861, 370230, 370230]    
         371091 :		   4		[862, 862, 371091, 371091]    
         371953 :		   4		[863, 863, 371953, 371953]    
         372816 :		   4		[864, 864, 372816, 372816]    
         373680 :		   4		[865, 865, 373680, 373680]    
         374545 :		   4		[866, 866, 374545, 374545]    
         374660 :		   4		[132, 132, 374660, 374660]    
         375411 :		   4		[867, 867, 375411, 375411]    
         376278 :		   4		[868, 868, 376278, 376278]    
         376740 :		   4		[28, 28, 376740, 376740]      
         376992 :		   4		[36, 36, 376992, 376992]      
         377146 :		   4		[869, 869, 377146, 377146]    
         378015 :		   4		[870, 870, 378015, 378015]    
         378885 :		   4		[871, 871, 378885, 378885]    
         379756 :		   4		[872, 872, 379756, 379756]    
         380628 :		   4		[873, 873, 380628, 380628]    
         381501 :		   4		[874, 874, 381501, 381501]    
         382375 :		   4		[875, 875, 382375, 382375]    
         383250 :		   4		[876, 876, 383250, 383250]    
         383306 :		   4		[133, 133, 383306, 383306]    
         384126 :		   4		[877, 877, 384126, 384126]    
         385003 :		   4		[878, 878, 385003, 385003]    
         385881 :		   4		[879, 879, 385881, 385881]    
         386760 :		   4		[880, 880, 386760, 386760]    
         387640 :		   4		[881, 881, 387640, 387640]    
         388521 :		   4		[882, 882, 388521, 388521]    
         389403 :		   4		[883, 883, 389403, 389403]    
         390286 :		   4		[884, 884, 390286, 390286]    
         391170 :		   4		[885, 885, 391170, 391170]    
         392055 :		   4		[886, 886, 392055, 392055]    
         392084 :		   4		[134, 134, 392084, 392084]    
         392941 :		   4		[887, 887, 392941, 392941]    
         393828 :		   4		[888, 888, 393828, 393828]    
         394716 :		   4		[889, 889, 394716, 394716]    
         395010 :		   4		[57, 57, 395010, 395010]      
         395605 :		   4		[890, 890, 395605, 395605]    
         396495 :		   4		[891, 891, 396495, 396495]    
         397386 :		   4		[892, 892, 397386, 397386]    
         398278 :		   4		[893, 893, 398278, 398278]    
         399171 :		   4		[894, 894, 399171, 399171]    
         400065 :		   4		[895, 895, 400065, 400065]    
         400960 :		   4		[896, 896, 400960, 400960]    
         400995 :		   4		[135, 135, 400995, 400995]    
         401856 :		   4		[897, 897, 401856, 401856]    
         402753 :		   4		[898, 898, 402753, 402753]    
         403651 :		   4		[899, 899, 403651, 403651]    
         404550 :		   4		[900, 900, 404550, 404550]    
         405450 :		   4		[901, 901, 405450, 405450]    
         406351 :		   4		[902, 902, 406351, 406351]    
         407253 :		   4		[903, 903, 407253, 407253]    
         408156 :		   4		[904, 904, 408156, 408156]    
         409060 :		   4		[905, 905, 409060, 409060]    
         409965 :		   4		[906, 906, 409965, 409965]    
         410040 :		   4		[136, 136, 410040, 410040]    
         410871 :		   4		[907, 907, 410871, 410871]    
         411778 :		   4		[908, 908, 411778, 411778]    
         412686 :		   4		[909, 909, 412686, 412686]    
         413595 :		   4		[910, 910, 413595, 413595]    
         414505 :		   4		[911, 911, 414505, 414505]    
         415416 :		   4		[912, 912, 415416, 415416]    
         416328 :		   4		[913, 913, 416328, 416328]    
         417241 :		   4		[914, 914, 417241, 417241]    
         418155 :		   4		[915, 915, 418155, 418155]    
         419070 :		   4		[916, 916, 419070, 419070]    
         419220 :		   4		[137, 137, 419220, 419220]    
         419986 :		   4		[917, 917, 419986, 419986]    
         420903 :		   4		[918, 918, 420903, 420903]    
         421821 :		   4		[919, 919, 421821, 421821]    
         422740 :		   4		[920, 920, 422740, 422740]    
         423660 :		   4		[921, 921, 423660, 423660]    
         424270 :		   4		[58, 58, 424270, 424270]      
         424581 :		   4		[922, 922, 424581, 424581]    
         425503 :		   4		[923, 923, 425503, 425503]    
         426426 :		   4		[924, 924, 426426, 426426]    
         427350 :		   4		[925, 925, 427350, 427350]    
         428275 :		   4		[926, 926, 428275, 428275]    
         428536 :		   4		[138, 138, 428536, 428536]    
         429201 :		   4		[927, 927, 429201, 429201]    
         430128 :		   4		[928, 928, 430128, 430128]    
         431056 :		   4		[929, 929, 431056, 431056]    
         431985 :		   4		[930, 930, 431985, 431985]    
         432915 :		   4		[931, 931, 432915, 432915]    
         433846 :		   4		[932, 932, 433846, 433846]    
         434778 :		   4		[933, 933, 434778, 434778]    
         435711 :		   4		[934, 934, 435711, 435711]    
         435897 :		   4		[37, 37, 435897, 435897]      
         436645 :		   4		[935, 935, 436645, 436645]    
         437580 :		   4		[936, 936, 437580, 437580]    
         437989 :		   4		[139, 139, 437989, 437989]    
         438516 :		   4		[937, 937, 438516, 438516]    
         439453 :		   4		[938, 938, 439453, 439453]    
         440391 :		   4		[939, 939, 440391, 440391]    
         441330 :		   4		[940, 940, 441330, 441330]    
         442270 :		   4		[941, 941, 442270, 442270]    
         443211 :		   4		[942, 942, 443211, 443211]    
         444153 :		   4		[943, 943, 444153, 444153]    
         445096 :		   4		[944, 944, 445096, 445096]    
         446040 :		   4		[945, 945, 446040, 446040]    
         446985 :		   4		[946, 946, 446985, 446985]    
         447580 :		   4		[140, 140, 447580, 447580]    
         447931 :		   4		[947, 947, 447931, 447931]    
         448878 :		   4		[948, 948, 448878, 448878]    
         449826 :		   4		[949, 949, 449826, 449826]    
         450775 :		   4		[950, 950, 450775, 450775]    
         451725 :		   4		[951, 951, 451725, 451725]    
         452676 :		   4		[952, 952, 452676, 452676]    
         453628 :		   4		[953, 953, 453628, 453628]    
         454581 :		   4		[954, 954, 454581, 454581]    
         455126 :		   4		[59, 59, 455126, 455126]      
         455535 :		   4		[955, 955, 455535, 455535]    
         456490 :		   4		[956, 956, 456490, 456490]    
         457310 :		   4		[141, 141, 457310, 457310]    
         457446 :		   4		[957, 957, 457446, 457446]    
         458403 :		   4		[958, 958, 458403, 458403]    
         459361 :		   4		[959, 959, 459361, 459361]    
         460320 :		   4		[960, 960, 460320, 460320]    
         461280 :		   4		[961, 961, 461280, 461280]    
         462241 :		   4		[962, 962, 462241, 462241]    
         463203 :		   4		[963, 963, 463203, 463203]    
         464166 :		   4		[964, 964, 464166, 464166]    
         465130 :		   4		[965, 965, 465130, 465130]    
         466095 :		   4		[966, 966, 466095, 466095]    
         467061 :		   4		[967, 967, 467061, 467061]    
         467180 :		   4		[142, 142, 467180, 467180]    
         468028 :		   4		[968, 968, 468028, 468028]    
         468996 :		   4		[969, 969, 468996, 468996]    
         469965 :		   4		[970, 970, 469965, 469965]    
         470935 :		   4		[971, 971, 470935, 470935]    
         471906 :		   4		[972, 972, 471906, 471906]    
         472878 :		   4		[973, 973, 472878, 472878]    
         473851 :		   4		[974, 974, 473851, 473851]    
         474825 :		   4		[975, 975, 474825, 474825]    
         475020 :		   4		[29, 29, 475020, 475020]      
         475800 :		   4		[976, 976, 475800, 475800]    
         476776 :		   4		[977, 977, 476776, 476776]    
         477191 :		   4		[143, 143, 477191, 477191]    
         477753 :		   4		[978, 978, 477753, 477753]    
         478731 :		   4		[979, 979, 478731, 478731]    
         479710 :		   4		[980, 980, 479710, 479710]    
         480690 :		   4		[981, 981, 480690, 480690]    
         480700 :		   4		[25, 25, 480700, 480700]      
         481671 :		   4		[982, 982, 481671, 481671]    
         482653 :		   4		[983, 983, 482653, 482653]    
         483636 :		   4		[984, 984, 483636, 483636]    
         484620 :		   4		[985, 985, 484620, 484620]    
         485605 :		   4		[986, 986, 485605, 485605]    
         486591 :		   4		[987, 987, 486591, 486591]    
         487344 :		   4		[144, 144, 487344, 487344]    
         487578 :		   4		[988, 988, 487578, 487578]    
         487635 :		   4		[60, 60, 487635, 487635]      
         488566 :		   4		[989, 989, 488566, 488566]    
         489555 :		   4		[990, 990, 489555, 489555]    
         490314 :		   4		[23, 23, 490314, 490314]      
         490545 :		   4		[991, 991, 490545, 490545]    
         491536 :		   4		[992, 992, 491536, 491536]    
         492528 :		   4		[993, 993, 492528, 492528]    
         493521 :		   4		[994, 994, 493521, 493521]    
         494515 :		   4		[995, 995, 494515, 494515]    
         495510 :		   4		[996, 996, 495510, 495510]    
         496506 :		   4		[997, 997, 496506, 496506]    
         497420 :		   4		[22, 22, 497420, 497420]      
         497503 :		   4		[998, 998, 497503, 497503]    
         497640 :		   4		[145, 145, 497640, 497640]    
         498501 :		   4		[999, 999, 498501, 498501]    
         499500 :		   4		[1000, 1000, 499500, 499500]  
         500500 :		   4		[1001, 1001, 500500, 500500]  
         501501 :		   4		[1002, 1002, 501501, 501501]  
         501942 :		   4		[38, 38, 501942, 501942]      
         502503 :		   4		[1003, 1003, 502503, 502503]  
         503506 :		   4		[1004, 1004, 503506, 503506]  
         504510 :		   4		[1005, 1005, 504510, 504510]  
         505515 :		   4		[1006, 1006, 505515, 505515]  
         506521 :		   4		[1007, 1007, 506521, 506521]  
         507528 :		   4		[1008, 1008, 507528, 507528]  
         508080 :		   4		[146, 146, 508080, 508080]    
         508536 :		   4		[1009, 1009, 508536, 508536]  
         509545 :		   4		[1010, 1010, 509545, 509545]  
         510555 :		   4		[1011, 1011, 510555, 510555]  
         511566 :		   4		[1012, 1012, 511566, 511566]  
         512578 :		   4		[1013, 1013, 512578, 512578]  
         513591 :		   4		[1014, 1014, 513591, 513591]  
         514605 :		   4		[1015, 1015, 514605, 514605]  
         515620 :		   4		[1016, 1016, 515620, 515620]  
         516636 :		   4		[1017, 1017, 516636, 516636]  
         517653 :		   4		[1018, 1018, 517653, 517653]  
         518665 :		   4		[147, 147, 518665, 518665]    
         518671 :		   4		[1019, 1019, 518671, 518671]  
         519690 :		   4		[1020, 1020, 519690, 519690]  
         520710 :		   4		[1021, 1021, 520710, 520710]  
         521731 :		   4		[1022, 1022, 521731, 521731]  
         521855 :		   4		[61, 61, 521855, 521855]      
         522753 :		   4		[1023, 1023, 522753, 522753]  
         523776 :		   4		[1024, 1024, 523776, 523776]  
         524800 :		   4		[1025, 1025, 524800, 524800]  
         525825 :		   4		[1026, 1026, 525825, 525825]  
         526851 :		   4		[1027, 1027, 526851, 526851]  
         527878 :		   4		[1028, 1028, 527878, 527878]  
         528906 :		   4		[1029, 1029, 528906, 528906]  
         529396 :		   4		[148, 148, 529396, 529396]    
         529935 :		   4		[1030, 1030, 529935, 529935]  
         530965 :		   4		[1031, 1031, 530965, 530965]  
         531996 :		   4		[1032, 1032, 531996, 531996]  
         533028 :		   4		[1033, 1033, 533028, 533028]  
         534061 :		   4		[1034, 1034, 534061, 534061]  
         535095 :		   4		[1035, 1035, 535095, 535095]  
         536130 :		   4		[1036, 1036, 536130, 536130]  
         537166 :		   4		[1037, 1037, 537166, 537166]  
         538203 :		   4		[1038, 1038, 538203, 538203]  
         539241 :		   4		[1039, 1039, 539241, 539241]  
         540274 :		   4		[149, 149, 540274, 540274]    
         540280 :		   4		[1040, 1040, 540280, 540280]  
         541320 :		   4		[1041, 1041, 541320, 541320]  
         542361 :		   4		[1042, 1042, 542361, 542361]  
         543403 :		   4		[1043, 1043, 543403, 543403]  
         544446 :		   4		[1044, 1044, 544446, 544446]  
         545490 :		   4		[1045, 1045, 545490, 545490]  
         546535 :		   4		[1046, 1046, 546535, 546535]  
         547581 :		   4		[1047, 1047, 547581, 547581]  
         548628 :		   4		[1048, 1048, 548628, 548628]  
         549676 :		   4		[1049, 1049, 549676, 549676]  
         550725 :		   4		[1050, 1050, 550725, 550725]  
         551300 :		   4		[150, 150, 551300, 551300]    
         551775 :		   4		[1051, 1051, 551775, 551775]  
         552826 :		   4		[1052, 1052, 552826, 552826]  
         553878 :		   4		[1053, 1053, 553878, 553878]  
         554931 :		   4		[1054, 1054, 554931, 554931]  
         555985 :		   4		[1055, 1055, 555985, 555985]  
         557040 :		   4		[1056, 1056, 557040, 557040]  
         557845 :		   4		[62, 62, 557845, 557845]      
         558096 :		   4		[1057, 1057, 558096, 558096]  
         559153 :		   4		[1058, 1058, 559153, 559153]  
         560211 :		   4		[1059, 1059, 560211, 560211]  
         561270 :		   4		[1060, 1060, 561270, 561270]  
         562330 :		   4		[1061, 1061, 562330, 562330]  
         562475 :		   4		[151, 151, 562475, 562475]    
         563391 :		   4		[1062, 1062, 563391, 563391]  
         564453 :		   4		[1063, 1063, 564453, 564453]  
         565516 :		   4		[1064, 1064, 565516, 565516]  
         566580 :		   4		[1065, 1065, 566580, 566580]  
         567645 :		   4		[1066, 1066, 567645, 567645]  
         568711 :		   4		[1067, 1067, 568711, 568711]  
         569778 :		   4		[1068, 1068, 569778, 569778]  
         570846 :		   4		[1069, 1069, 570846, 570846]  
         571915 :		   4		[1070, 1070, 571915, 571915]  
         572985 :		   4		[1071, 1071, 572985, 572985]  
         573800 :		   4		[152, 152, 573800, 573800]    
         574056 :		   4		[1072, 1072, 574056, 574056]  
         575128 :		   4		[1073, 1073, 575128, 575128]  
         575757 :		   4		[39, 39, 575757, 575757]      
         576201 :		   4		[1074, 1074, 576201, 576201]  
         577275 :		   4		[1075, 1075, 577275, 577275]  
         578350 :		   4		[1076, 1076, 578350, 578350]  
         579426 :		   4		[1077, 1077, 579426, 579426]  
         580503 :		   4		[1078, 1078, 580503, 580503]  
         581581 :		   4		[1079, 1079, 581581, 581581]  
         582660 :		   4		[1080, 1080, 582660, 582660]  
         583740 :		   4		[1081, 1081, 583740, 583740]  
         584821 :		   4		[1082, 1082, 584821, 584821]  
         585276 :		   4		[153, 153, 585276, 585276]    
         585903 :		   4		[1083, 1083, 585903, 585903]  
         586986 :		   4		[1084, 1084, 586986, 586986]  
         588070 :		   4		[1085, 1085, 588070, 588070]  
         589155 :		   4		[1086, 1086, 589155, 589155]  
         590241 :		   4		[1087, 1087, 590241, 590241]  
         591328 :		   4		[1088, 1088, 591328, 591328]  
         592416 :		   4		[1089, 1089, 592416, 592416]  
         593505 :		   4		[1090, 1090, 593505, 593505]  
         593775 :		   4		[30, 30, 593775, 593775]      
         594595 :		   4		[1091, 1091, 594595, 594595]  
         595665 :		   4		[63, 63, 595665, 595665]      
         595686 :		   4		[1092, 1092, 595686, 595686]  
         596778 :		   4		[1093, 1093, 596778, 596778]  
         596904 :		   4		[154, 154, 596904, 596904]    
         597871 :		   4		[1094, 1094, 597871, 597871]  
         598965 :		   4		[1095, 1095, 598965, 598965]  
         600060 :		   4		[1096, 1096, 600060, 600060]  
         601156 :		   4		[1097, 1097, 601156, 601156]  
         602253 :		   4		[1098, 1098, 602253, 602253]  
         603351 :		   4		[1099, 1099, 603351, 603351]  
         604450 :		   4		[1100, 1100, 604450, 604450]  
         605550 :		   4		[1101, 1101, 605550, 605550]  
         606651 :		   4		[1102, 1102, 606651, 606651]  
         607753 :		   4		[1103, 1103, 607753, 607753]  
         608685 :		   4		[155, 155, 608685, 608685]    
         608856 :		   4		[1104, 1104, 608856, 608856]  
         609960 :		   4		[1105, 1105, 609960, 609960]  
         611065 :		   4		[1106, 1106, 611065, 611065]  
         612171 :		   4		[1107, 1107, 612171, 612171]  
         613278 :		   4		[1108, 1108, 613278, 613278]  
         614386 :		   4		[1109, 1109, 614386, 614386]  
         615495 :		   4		[1110, 1110, 615495, 615495]  
         616605 :		   4		[1111, 1111, 616605, 616605]  
         617716 :		   4		[1112, 1112, 617716, 617716]  
         618828 :		   4		[1113, 1113, 618828, 618828]  
         619941 :		   4		[1114, 1114, 619941, 619941]  
         620620 :		   4		[156, 156, 620620, 620620]    
         621055 :		   4		[1115, 1115, 621055, 621055]  
         622170 :		   4		[1116, 1116, 622170, 622170]  
         623286 :		   4		[1117, 1117, 623286, 623286]  
         624403 :		   4		[1118, 1118, 624403, 624403]  
         625521 :		   4		[1119, 1119, 625521, 625521]  
         626640 :		   4		[1120, 1120, 626640, 626640]  
         627760 :		   4		[1121, 1121, 627760, 627760]  
         628881 :		   4		[1122, 1122, 628881, 628881]  
         630003 :		   4		[1123, 1123, 630003, 630003]  
         631126 :		   4		[1124, 1124, 631126, 631126]  
         632250 :		   4		[1125, 1125, 632250, 632250]  
         632710 :		   4		[157, 157, 632710, 632710]    
         633375 :		   4		[1126, 1126, 633375, 633375]  
         634501 :		   4		[1127, 1127, 634501, 634501]  
         635376 :		   4		[64, 64, 635376, 635376]      
         635628 :		   4		[1128, 1128, 635628, 635628]  
         636756 :		   4		[1129, 1129, 636756, 636756]  
         637885 :		   4		[1130, 1130, 637885, 637885]  
         639015 :		   4		[1131, 1131, 639015, 639015]  
         640146 :		   4		[1132, 1132, 640146, 640146]  
         641278 :		   4		[1133, 1133, 641278, 641278]  
         642411 :		   4		[1134, 1134, 642411, 642411]  
         643545 :		   4		[1135, 1135, 643545, 643545]  
         644680 :		   4		[1136, 1136, 644680, 644680]  
         644956 :		   4		[158, 158, 644956, 644956]    
         645816 :		   4		[1137, 1137, 645816, 645816]  
         646646 :		   4		[22, 22, 646646, 646646]      
         646953 :		   4		[1138, 1138, 646953, 646953]  
         648091 :		   4		[1139, 1139, 648091, 648091]  
         649230 :		   4		[1140, 1140, 649230, 649230]  
         650370 :		   4		[1141, 1141, 650370, 650370]  
         651511 :		   4		[1142, 1142, 651511, 651511]  
         652653 :		   4		[1143, 1143, 652653, 652653]  
         653796 :		   4		[1144, 1144, 653796, 653796]  
         654940 :		   4		[1145, 1145, 654940, 654940]  
         656085 :		   4		[1146, 1146, 656085, 656085]  
         657231 :		   4		[1147, 1147, 657231, 657231]  
         657359 :		   4		[159, 159, 657359, 657359]    
         657800 :		   4		[26, 26, 657800, 657800]      
         658008 :		   4		[40, 40, 658008, 658008]      
         658378 :		   4		[1148, 1148, 658378, 658378]  
         659526 :		   4		[1149, 1149, 659526, 659526]  
         660675 :		   4		[1150, 1150, 660675, 660675]  
         661825 :		   4		[1151, 1151, 661825, 661825]  
         662976 :		   4		[1152, 1152, 662976, 662976]  
         664128 :		   4		[1153, 1153, 664128, 664128]  
         665281 :		   4		[1154, 1154, 665281, 665281]  
         666435 :		   4		[1155, 1155, 666435, 666435]  
         667590 :		   4		[1156, 1156, 667590, 667590]  
         668746 :		   4		[1157, 1157, 668746, 668746]  
         669903 :		   4		[1158, 1158, 669903, 669903]  
         669920 :		   4		[160, 160, 669920, 669920]    
         671061 :		   4		[1159, 1159, 671061, 671061]  
         672220 :		   4		[1160, 1160, 672220, 672220]  
         673380 :		   4		[1161, 1161, 673380, 673380]  
         674541 :		   4		[1162, 1162, 674541, 674541]  
         675703 :		   4		[1163, 1163, 675703, 675703]  
         676866 :		   4		[1164, 1164, 676866, 676866]  
         677040 :		   4		[65, 65, 677040, 677040]      
         678030 :		   4		[1165, 1165, 678030, 678030]  
         679195 :		   4		[1166, 1166, 679195, 679195]  
         680361 :		   4		[1167, 1167, 680361, 680361]  
         681528 :		   4		[1168, 1168, 681528, 681528]  
         682640 :		   4		[161, 161, 682640, 682640]    
         682696 :		   4		[1169, 1169, 682696, 682696]  
         683865 :		   4		[1170, 1170, 683865, 683865]  
         685035 :		   4		[1171, 1171, 685035, 685035]  
         686206 :		   4		[1172, 1172, 686206, 686206]  
         687378 :		   4		[1173, 1173, 687378, 687378]  
         688551 :		   4		[1174, 1174, 688551, 688551]  
         689725 :		   4		[1175, 1175, 689725, 689725]  
         690900 :		   4		[1176, 1176, 690900, 690900]  
         692076 :		   4		[1177, 1177, 692076, 692076]  
         693253 :		   4		[1178, 1178, 693253, 693253]  
         694431 :		   4		[1179, 1179, 694431, 694431]  
         695520 :		   4		[162, 162, 695520, 695520]    
         695610 :		   4		[1180, 1180, 695610, 695610]  
         696790 :		   4		[1181, 1181, 696790, 696790]  
         697971 :		   4		[1182, 1182, 697971, 697971]  
         699153 :		   4		[1183, 1183, 699153, 699153]  
         700336 :		   4		[1184, 1184, 700336, 700336]  
         701520 :		   4		[1185, 1185, 701520, 701520]  
         702705 :		   4		[1186, 1186, 702705, 702705]  
         703891 :		   4		[1187, 1187, 703891, 703891]  
         705078 :		   4		[1188, 1188, 705078, 705078]  
         706266 :		   4		[1189, 1189, 706266, 706266]  
         707455 :		   4		[1190, 1190, 707455, 707455]  
         708561 :		   4		[163, 163, 708561, 708561]    
         708645 :		   4		[1191, 1191, 708645, 708645]  
         709836 :		   4		[1192, 1192, 709836, 709836]  
         711028 :		   4		[1193, 1193, 711028, 711028]  
         712221 :		   4		[1194, 1194, 712221, 712221]  
         713415 :		   4		[1195, 1195, 713415, 713415]  
         714610 :		   4		[1196, 1196, 714610, 714610]  
         715806 :		   4		[1197, 1197, 715806, 715806]  
         717003 :		   4		[1198, 1198, 717003, 717003]  
         718201 :		   4		[1199, 1199, 718201, 718201]  
         719400 :		   4		[1200, 1200, 719400, 719400]  
         720600 :		   4		[1201, 1201, 720600, 720600]  
         720720 :		   4		[66, 66, 720720, 720720]      
         721764 :		   4		[164, 164, 721764, 721764]    
         721801 :		   4		[1202, 1202, 721801, 721801]  
         723003 :		   4		[1203, 1203, 723003, 723003]  
         724206 :		   4		[1204, 1204, 724206, 724206]  
         725410 :		   4		[1205, 1205, 725410, 725410]  
         726615 :		   4		[1206, 1206, 726615, 726615]  
         727821 :		   4		[1207, 1207, 727821, 727821]  
         729028 :		   4		[1208, 1208, 729028, 729028]  
         730236 :		   4		[1209, 1209, 730236, 730236]  
         731445 :		   4		[1210, 1210, 731445, 731445]  
         732655 :		   4		[1211, 1211, 732655, 732655]  
         733866 :		   4		[1212, 1212, 733866, 733866]  
         735078 :		   4		[1213, 1213, 735078, 735078]  
         735130 :		   4		[165, 165, 735130, 735130]    
         735471 :		   4		[24, 24, 735471, 735471]      
         736281 :		   4		[31, 31, 736281, 736281]      
         736291 :		   4		[1214, 1214, 736291, 736291]  
         737505 :		   4		[1215, 1215, 737505, 737505]  
         738720 :		   4		[1216, 1216, 738720, 738720]  
         739936 :		   4		[1217, 1217, 739936, 739936]  
         741153 :		   4		[1218, 1218, 741153, 741153]  
         742371 :		   4		[1219, 1219, 742371, 742371]  
         743590 :		   4		[1220, 1220, 743590, 743590]  
         744810 :		   4		[1221, 1221, 744810, 744810]  
         746031 :		   4		[1222, 1222, 746031, 746031]  
         747253 :		   4		[1223, 1223, 747253, 747253]  
         748476 :		   4		[1224, 1224, 748476, 748476]  
         748660 :		   4		[166, 166, 748660, 748660]    
         749398 :		   4		[41, 41, 749398, 749398]      
         749700 :		   4		[1225, 1225, 749700, 749700]  
         750925 :		   4		[1226, 1226, 750925, 750925]  
         752151 :		   4		[1227, 1227, 752151, 752151]  
         753378 :		   4		[1228, 1228, 753378, 753378]  
         754606 :		   4		[1229, 1229, 754606, 754606]  
         755835 :		   4		[1230, 1230, 755835, 755835]  
         757065 :		   4		[1231, 1231, 757065, 757065]  
         758296 :		   4		[1232, 1232, 758296, 758296]  
         759528 :		   4		[1233, 1233, 759528, 759528]  
         760761 :		   4		[1234, 1234, 760761, 760761]  
         761995 :		   4		[1235, 1235, 761995, 761995]  
         762355 :		   4		[167, 167, 762355, 762355]    
         763230 :		   4		[1236, 1236, 763230, 763230]  
         764466 :		   4		[1237, 1237, 764466, 764466]  
         765703 :		   4		[1238, 1238, 765703, 765703]  
         766480 :		   4		[67, 67, 766480, 766480]      
         766941 :		   4		[1239, 1239, 766941, 766941]  
         768180 :		   4		[1240, 1240, 768180, 768180]  
         769420 :		   4		[1241, 1241, 769420, 769420]  
         770661 :		   4		[1242, 1242, 770661, 770661]  
         771903 :		   4		[1243, 1243, 771903, 771903]  
         773146 :		   4		[1244, 1244, 773146, 773146]  
         774390 :		   4		[1245, 1245, 774390, 774390]  
         775635 :		   4		[1246, 1246, 775635, 775635]  
         776216 :		   4		[168, 168, 776216, 776216]    
         776881 :		   4		[1247, 1247, 776881, 776881]  
         778128 :		   4		[1248, 1248, 778128, 778128]  
         779376 :		   4		[1249, 1249, 779376, 779376]  
         780625 :		   4		[1250, 1250, 780625, 780625]  
         781875 :		   4		[1251, 1251, 781875, 781875]  
         783126 :		   4		[1252, 1252, 783126, 783126]  
         784378 :		   4		[1253, 1253, 784378, 784378]  
         785631 :		   4		[1254, 1254, 785631, 785631]  
         786885 :		   4		[1255, 1255, 786885, 786885]  
         788140 :		   4		[1256, 1256, 788140, 788140]  
         789396 :		   4		[1257, 1257, 789396, 789396]  
         790244 :		   4		[169, 169, 790244, 790244]    
         790653 :		   4		[1258, 1258, 790653, 790653]  
         791911 :		   4		[1259, 1259, 791911, 791911]  
         793170 :		   4		[1260, 1260, 793170, 793170]  
         794430 :		   4		[1261, 1261, 794430, 794430]  
         795691 :		   4		[1262, 1262, 795691, 795691]  
         796953 :		   4		[1263, 1263, 796953, 796953]  
         798216 :		   4		[1264, 1264, 798216, 798216]  
         799480 :		   4		[1265, 1265, 799480, 799480]  
         800745 :		   4		[1266, 1266, 800745, 800745]  
         802011 :		   4		[1267, 1267, 802011, 802011]  
         803278 :		   4		[1268, 1268, 803278, 803278]  
         804440 :		   4		[170, 170, 804440, 804440]    
         804546 :		   4		[1269, 1269, 804546, 804546]  
         805815 :		   4		[1270, 1270, 805815, 805815]  
         807085 :		   4		[1271, 1271, 807085, 807085]  
         808356 :		   4		[1272, 1272, 808356, 808356]  
         809628 :		   4		[1273, 1273, 809628, 809628]  
         810901 :		   4		[1274, 1274, 810901, 810901]  
         812175 :		   4		[1275, 1275, 812175, 812175]  
         813450 :		   4		[1276, 1276, 813450, 813450]  
         814385 :		   4		[68, 68, 814385, 814385]      
         814726 :		   4		[1277, 1277, 814726, 814726]  
         816003 :		   4		[1278, 1278, 816003, 816003]  
         817190 :		   4		[23, 23, 817190, 817190]      
         817281 :		   4		[1279, 1279, 817281, 817281]  
         818560 :		   4		[1280, 1280, 818560, 818560]  
         818805 :		   4		[171, 171, 818805, 818805]    
         819840 :		   4		[1281, 1281, 819840, 819840]  
         821121 :		   4		[1282, 1282, 821121, 821121]  
         822403 :		   4		[1283, 1283, 822403, 822403]  
         823686 :		   4		[1284, 1284, 823686, 823686]  
         824970 :		   4		[1285, 1285, 824970, 824970]  
         826255 :		   4		[1286, 1286, 826255, 826255]  
         827541 :		   4		[1287, 1287, 827541, 827541]  
         828828 :		   4		[1288, 1288, 828828, 828828]  
         830116 :		   4		[1289, 1289, 830116, 830116]  
         831405 :		   4		[1290, 1290, 831405, 831405]  
         832695 :		   4		[1291, 1291, 832695, 832695]  
         833340 :		   4		[172, 172, 833340, 833340]    
         833986 :		   4		[1292, 1292, 833986, 833986]  
         835278 :		   4		[1293, 1293, 835278, 835278]  
         836571 :		   4		[1294, 1294, 836571, 836571]  
         837865 :		   4		[1295, 1295, 837865, 837865]  
         839160 :		   4		[1296, 1296, 839160, 839160]  
         840456 :		   4		[1297, 1297, 840456, 840456]  
         841753 :		   4		[1298, 1298, 841753, 841753]  
         843051 :		   4		[1299, 1299, 843051, 843051]  
         844350 :		   4		[1300, 1300, 844350, 844350]  
         845650 :		   4		[1301, 1301, 845650, 845650]  
         846951 :		   4		[1302, 1302, 846951, 846951]  
         848046 :		   4		[173, 173, 848046, 848046]    
         848253 :		   4		[1303, 1303, 848253, 848253]  
         849556 :		   4		[1304, 1304, 849556, 849556]  
         850668 :		   4		[42, 42, 850668, 850668]      
         850860 :		   4		[1305, 1305, 850860, 850860]  
         852165 :		   4		[1306, 1306, 852165, 852165]  
         853471 :		   4		[1307, 1307, 853471, 853471]  
         854778 :		   4		[1308, 1308, 854778, 854778]  
         856086 :		   4		[1309, 1309, 856086, 856086]  
         857395 :		   4		[1310, 1310, 857395, 857395]  
         858705 :		   4		[1311, 1311, 858705, 858705]  
         860016 :		   4		[1312, 1312, 860016, 860016]  
         861328 :		   4		[1313, 1313, 861328, 861328]  
         862641 :		   4		[1314, 1314, 862641, 862641]  
         862924 :		   4		[174, 174, 862924, 862924]    
         863955 :		   4		[1315, 1315, 863955, 863955]  
         864501 :		   4		[69, 69, 864501, 864501]      
         865270 :		   4		[1316, 1316, 865270, 865270]  
         866586 :		   4		[1317, 1317, 866586, 866586]  
         867903 :		   4		[1318, 1318, 867903, 867903]  
         869221 :		   4		[1319, 1319, 869221, 869221]  
         870540 :		   4		[1320, 1320, 870540, 870540]  
         871860 :		   4		[1321, 1321, 871860, 871860]  
         873181 :		   4		[1322, 1322, 873181, 873181]  
         874503 :		   4		[1323, 1323, 874503, 874503]  
         875826 :		   4		[1324, 1324, 875826, 875826]  
         877150 :		   4		[1325, 1325, 877150, 877150]  
         877975 :		   4		[175, 175, 877975, 877975]    
         878475 :		   4		[1326, 1326, 878475, 878475]  
         879801 :		   4		[1327, 1327, 879801, 879801]  
         881128 :		   4		[1328, 1328, 881128, 881128]  
         882456 :		   4		[1329, 1329, 882456, 882456]  
         883785 :		   4		[1330, 1330, 883785, 883785]  
         885115 :		   4		[1331, 1331, 885115, 885115]  
         886446 :		   4		[1332, 1332, 886446, 886446]  
         887778 :		   4		[1333, 1333, 887778, 887778]  
         888030 :		   4		[27, 27, 888030, 888030]      
         889111 :		   4		[1334, 1334, 889111, 889111]  
         890445 :		   4		[1335, 1335, 890445, 890445]  
         891780 :		   4		[1336, 1336, 891780, 891780]  
         893116 :		   4		[1337, 1337, 893116, 893116]  
         893200 :		   4		[176, 176, 893200, 893200]    
         894453 :		   4		[1338, 1338, 894453, 894453]  
         895791 :		   4		[1339, 1339, 895791, 895791]  
         897130 :		   4		[1340, 1340, 897130, 897130]  
         898470 :		   4		[1341, 1341, 898470, 898470]  
         899811 :		   4		[1342, 1342, 899811, 899811]  
         901153 :		   4		[1343, 1343, 901153, 901153]  
         902496 :		   4		[1344, 1344, 902496, 902496]  
         903840 :		   4		[1345, 1345, 903840, 903840]  
         905185 :		   4		[1346, 1346, 905185, 905185]  
         906192 :		   4		[32, 32, 906192, 906192]      
         906531 :		   4		[1347, 1347, 906531, 906531]  
         907878 :		   4		[1348, 1348, 907878, 907878]  
         908600 :		   4		[177, 177, 908600, 908600]    
         909226 :		   4		[1349, 1349, 909226, 909226]  
         910575 :		   4		[1350, 1350, 910575, 910575]  
         911925 :		   4		[1351, 1351, 911925, 911925]  
         913276 :		   4		[1352, 1352, 913276, 913276]  
         914628 :		   4		[1353, 1353, 914628, 914628]  
         915981 :		   4		[1354, 1354, 915981, 915981]  
         916895 :		   4		[70, 70, 916895, 916895]      
         917335 :		   4		[1355, 1355, 917335, 917335]  
         918690 :		   4		[1356, 1356, 918690, 918690]  
         920046 :		   4		[1357, 1357, 920046, 920046]  
         921403 :		   4		[1358, 1358, 921403, 921403]  
         922761 :		   4		[1359, 1359, 922761, 922761]  
         924120 :		   4		[1360, 1360, 924120, 924120]  
         924176 :		   4		[178, 178, 924176, 924176]    
         925480 :		   4		[1361, 1361, 925480, 925480]  
         926841 :		   4		[1362, 1362, 926841, 926841]  
         928203 :		   4		[1363, 1363, 928203, 928203]  
         929566 :		   4		[1364, 1364, 929566, 929566]  
         930930 :		   4		[1365, 1365, 930930, 930930]  
         932295 :		   4		[1366, 1366, 932295, 932295]  
         933661 :		   4		[1367, 1367, 933661, 933661]  
         935028 :		   4		[1368, 1368, 935028, 935028]  
         936396 :		   4		[1369, 1369, 936396, 936396]  
         937765 :		   4		[1370, 1370, 937765, 937765]  
         939135 :		   4		[1371, 1371, 939135, 939135]  
         939929 :		   4		[179, 179, 939929, 939929]    
         940506 :		   4		[1372, 1372, 940506, 940506]  
         941878 :		   4		[1373, 1373, 941878, 941878]  
         943251 :		   4		[1374, 1374, 943251, 943251]  
         944625 :		   4		[1375, 1375, 944625, 944625]  
         946000 :		   4		[1376, 1376, 946000, 946000]  
         947376 :		   4		[1377, 1377, 947376, 947376]  
         948753 :		   4		[1378, 1378, 948753, 948753]  
         950131 :		   4		[1379, 1379, 950131, 950131]  
         951510 :		   4		[1380, 1380, 951510, 951510]  
         952890 :		   4		[1381, 1381, 952890, 952890]  
         954271 :		   4		[1382, 1382, 954271, 954271]  
         955653 :		   4		[1383, 1383, 955653, 955653]  
         955860 :		   4		[180, 180, 955860, 955860]    
         957036 :		   4		[1384, 1384, 957036, 957036]  
         958420 :		   4		[1385, 1385, 958420, 958420]  
         959805 :		   4		[1386, 1386, 959805, 959805]  
         961191 :		   4		[1387, 1387, 961191, 961191]  
         962578 :		   4		[1388, 1388, 962578, 962578]  
         962598 :		   4		[43, 43, 962598, 962598]      
         963966 :		   4		[1389, 1389, 963966, 963966]  
         965355 :		   4		[1390, 1390, 965355, 965355]  
         966745 :		   4		[1391, 1391, 966745, 966745]  
         968136 :		   4		[1392, 1392, 968136, 968136]  
         969528 :		   4		[1393, 1393, 969528, 969528]  
         970921 :		   4		[1394, 1394, 970921, 970921]  
         971635 :		   4		[71, 71, 971635, 971635]      
         971970 :		   4		[181, 181, 971970, 971970]    
         972315 :		   4		[1395, 1395, 972315, 972315]  
         973710 :		   4		[1396, 1396, 973710, 973710]  
         975106 :		   4		[1397, 1397, 975106, 975106]  
         976503 :		   4		[1398, 1398, 976503, 976503]  
         977901 :		   4		[1399, 1399, 977901, 977901]  
         979300 :		   4		[1400, 1400, 979300, 979300]  
         980700 :		   4		[1401, 1401, 980700, 980700]  
         982101 :		   4		[1402, 1402, 982101, 982101]  
         983503 :		   4		[1403, 1403, 983503, 983503]  
         984906 :		   4		[1404, 1404, 984906, 984906]  
         986310 :		   4		[1405, 1405, 986310, 986310]  
         987715 :		   4		[1406, 1406, 987715, 987715]  
         988260 :		   4		[182, 182, 988260, 988260]    
         989121 :		   4		[1407, 1407, 989121, 989121]  
         990528 :		   4		[1408, 1408, 990528, 990528]  
         991936 :		   4		[1409, 1409, 991936, 991936]  
         993345 :		   4		[1410, 1410, 993345, 993345]  
         994755 :		   4		[1411, 1411, 994755, 994755]  
         996166 :		   4		[1412, 1412, 996166, 996166]  
         997578 :		   4		[1413, 1413, 997578, 997578]  
         998991 :		   4		[1414, 1414, 998991, 998991]  
