                   6 : [4, 6, 6]
                  10 : [5, 5, 10, 10]
                  15 : [6, 6, 15, 15]
                  20 : [6, 20, 20]
                  21 : [7, 7, 21, 21]
                  35 : [7, 7, 35, 35]
                  28 : [8, 8, 28, 28]
                  56 : [8, 8, 56]
                  36 : [9, 9, 36, 36]
                  84 : [9, 9, 84]
                 126 : [9, 9, 126]
                  45 : [10, 10, 45, 45]
                 120 : [10, 10, 16, 16, 120]
                 210 : [10, 10, 21, 21, 210]
                  55 : [11, 11, 55, 55]
                 165 : [11, 11, 165]
                 330 : [11, 11, 330, 330]
                 462 : [11, 11, 462, 462]
                  66 : [12, 12, 66]
                 220 : [12, 12, 220]
                 495 : [12, 12, 495]
                 792 : [12, 12, 792]
                  78 : [13, 13, 78]
                 286 : [13, 13, 286]
                 715 : [13, 13, 715]
                1287 : [13, 13, 1287]
                  91 : [14, 14, 91]
                 364 : [14, 14, 364]
                1001 : [14, 14, 1001]
                3003 : [14, 14, 15, 15, 78]
                 105 : [15, 15, 105]
                 455 : [15, 15, 455]
                1365 : [15, 15, 1365]
                 560 : [16, 16, 560]
                 136 : [17, 17, 136]
                 680 : [17, 17, 680]
               24310 : [17, 17, 221]
                 153 : [18, 18, 153]
                 816 : [18, 18, 816]
                 171 : [19, 19, 171]
                 969 : [19, 19, 969]
               11628 : [19, 19, 153]
                 190 : [20, 20, 190]
                1140 : [20, 20, 1140]
                1330 : [21, 21, 1330]
                 231 : [22, 22, 231]
                1540 : [22, 22, 56]
                 253 : [23, 23, 253]
                 276 : [24, 24, 276]
                 300 : [25, 25, 300, 300]
                 325 : [26, 26, 325, 325]
                 351 : [27, 27, 351]
                 378 : [28, 28, 378]
                 435 : [30, 30, 435]
                 465 : [31, 31, 465]
                 496 : [32, 32, 496]
                 528 : [33, 33, 528]
                 595 : [35, 35, 595]
                 630 : [36, 36, 630]
                7140 : [36, 36, 120]
                 666 : [37, 37, 666]
                 703 : [38, 38, 703]
                 741 : [39, 39, 741]
                 780 : [40, 40, 780]
                 820 : [41, 41, 820, 820]
                 861 : [42, 42, 861]
                 946 : [44, 44, 946]
                 990 : [45, 45, 990]
                1035 : [46, 46, 1035]
                1081 : [47, 47, 1081]
                1225 : [50, 50, 1225]
                1275 : [51, 51, 1275]
                1326 : [52, 52, 1326]
                1378 : [53, 53, 1378]
                1485 : [55, 55, 1485]
