              3 :		   2		[3, 3]                        
              6 :		   1		[4]                           
             10 :		   2		[5, 5]                        
             20 :		   1		[6]                           
             35 :		   2		[7, 7]                        
             70 :		   1		[8]                           
            126 :		   2		[9, 9]                        
            252 :		   1		[10]                          
            462 :		   2		[11, 11]                      
            924 :		   1		[12]                          
           1716 :		   2		[13, 13]                      
           3432 :		   1		[14]                          
           6435 :		   2		[15, 15]                      
          12870 :		   1		[16]                          
          24310 :		   2		[17, 17]                      
          48620 :		   1		[18]                          
          92378 :		   2		[19, 19]                      
         184756 :		   1		[20]                          
         352716 :		   2		[21, 21]                      
         705432 :		   1		[22]                          
        1352078 :		   2		[23, 23]                      
        2704156 :		   1		[24]                          
        5200300 :		   2		[25, 25]                      
       10400600 :		   1		[26]                          
       20058300 :		   2		[27, 27]                      
       40116600 :		   1		[28]                          
       77558760 :		   2		[29, 29]                      
      155117520 :		   1		[30]                          
      300540195 :		   2		[31, 31]                      
      601080390 :		   1		[32]                          
      818809200 :		   2		[33, 33]                      
      927983760 :		   2		[34, 34]                      
      834451800 :		   2		[35, 35]                      
      600805296 :		   2		[36, 36]                      
      854992152 :		   2		[37, 37]                      
      472733756 :		   2		[38, 38]                      
      635745396 :		   2		[39, 39]                      
      847660528 :		   2		[40, 40]                      
      350343565 :		   2		[41, 41]                      
      445891810 :		   2		[42, 42]                      
      563921995 :		   2		[43, 43]                      
      708930508 :		   2		[44, 44]                      
      886163135 :		   2		[45, 45]                      
      260932815 :		   2		[46, 46]                      
      314457495 :		   2		[47, 47]                      
      377348994 :		   2		[48, 48]                      
      450978066 :		   2		[49, 49]                      
      536878650 :		   2		[50, 50]                      
      636763050 :		   2		[51, 51]                      
      752538150 :		   2		[52, 52]                      
      886322710 :		   2		[53, 53]                      
      177100560 :		   2		[54, 54]                      
      202927725 :		   2		[55, 55]                      
      231917400 :		   2		[56, 56]                      
      264385836 :		   2		[57, 57]                      
      300674088 :		   2		[58, 58]                      
      341149446 :		   2		[59, 59]                      
      386206920 :		   2		[60, 60]                      
      436270780 :		   2		[61, 61]                      
      491796152 :		   2		[62, 62]                      
      553270671 :		   2		[63, 63]                      
      621216192 :		   2		[64, 64]                      
      696190560 :		   2		[65, 65]                      
      778789440 :		   2		[66, 66]                      
      869648208 :		   2		[67, 67]                      
      969443904 :		   2		[68, 68]                      
      119877472 :		   2		[69, 69]                      
      131115985 :		   2		[70, 70]                      
      143218999 :		   2		[71, 71]                      
      156238908 :		   2		[72, 72]                      
      170230452 :		   2		[73, 73]                      
      185250786 :		   2		[74, 74]                      
      201359550 :		   2		[75, 75]                      
      218618940 :		   2		[76, 76]                      
      237093780 :		   2		[77, 77]                      
      256851595 :		   2		[78, 78]                      
      277962685 :		   2		[79, 79]                      
      300500200 :		   2		[80, 80]                      
      324540216 :		   2		[81, 81]                      
      350161812 :		   2		[82, 82]                      
      377447148 :		   2		[83, 83]                      
      406481544 :		   2		[84, 84]                      
      437353560 :		   2		[85, 85]                      
      470155077 :		   2		[86, 86]                      
      504981379 :		   2		[87, 87]                      
      541931236 :		   2		[88, 88]                      
      581106988 :		   2		[89, 89]                      
      622614630 :		   2		[90, 90]                      
      666563898 :		   2		[91, 91]                      
      713068356 :		   2		[92, 92]                      
      762245484 :		   2		[93, 93]                      
      814216767 :		   2		[94, 94]                      
      869107785 :		   2		[95, 95]                      
      927048304 :		   2		[96, 96]                      
      988172368 :		   2		[97, 97]                      
       67910864 :		   2		[98, 98]                      
       71523144 :		   2		[99, 99]                      
       75287520 :		   2		[100, 100]                    
       79208745 :		   2		[101, 101]                    
       83291670 :		   2		[102, 102]                    
       87541245 :		   2		[103, 103]                    
       91962520 :		   2		[104, 104]                    
       96560646 :		   2		[105, 105]                    
      101340876 :		   2		[106, 106]                    
      106308566 :		   2		[107, 107]                    
      111469176 :		   2		[108, 108]                    
      116828271 :		   2		[109, 109]                    
      122391522 :		   2		[110, 110]                    
      128164707 :		   2		[111, 111]                    
      134153712 :		   2		[112, 112]                    
      140364532 :		   2		[113, 113]                    
      146803272 :		   2		[114, 114]                    
      153476148 :		   2		[115, 115]                    
      160389488 :		   2		[116, 116]                    
      167549733 :		   2		[117, 117]                    
      174963438 :		   2		[118, 118]                    
      182637273 :		   2		[119, 119]                    
      190578024 :		   2		[120, 120]                    
      198792594 :		   2		[121, 121]                    
      207288004 :		   2		[122, 122]                    
      216071394 :		   2		[123, 123]                    
      225150024 :		   2		[124, 124]                    
      234531275 :		   2		[125, 125]                    
      244222650 :		   2		[126, 126]                    
      254231775 :		   2		[127, 127]                    
      264566400 :		   2		[128, 128]                    
      275234400 :		   2		[129, 129]                    
      286243776 :		   2		[130, 130]                    
      297602656 :		   2		[131, 131]                    
      309319296 :		   2		[132, 132]                    
      321402081 :		   2		[133, 133]                    
      333859526 :		   2		[134, 134]                    
      346700277 :		   2		[135, 135]                    
      359933112 :		   2		[136, 136]                    
      373566942 :		   2		[137, 137]                    
      387610812 :		   2		[138, 138]                    
      402073902 :		   2		[139, 139]                    
      416965528 :		   2		[140, 140]                    
      432295143 :		   2		[141, 141]                    
      448072338 :		   2		[142, 142]                    
      464306843 :		   2		[143, 143]                    
      481008528 :		   2		[144, 144]                    
      498187404 :		   2		[145, 145]                    
      515853624 :		   2		[146, 146]                    
      534017484 :		   2		[147, 147]                    
      552689424 :		   2		[148, 148]                    
      571880029 :		   2		[149, 149]                    
      591600030 :		   2		[150, 150]                    
      611860305 :		   2		[151, 151]                    
      632671880 :		   2		[152, 152]                    
      654045930 :		   2		[153, 153]                    
      675993780 :		   2		[154, 154]                    
      698526906 :		   2		[155, 155]                    
      721656936 :		   2		[156, 156]                    
      745395651 :		   2		[157, 157]                    
      769754986 :		   2		[158, 158]                    
      794747031 :		   2		[159, 159]                    
      820384032 :		   2		[160, 160]                    
      846678392 :		   2		[161, 161]                    
      873642672 :		   2		[162, 162]                    
      901289592 :		   2		[163, 163]                    
      929632032 :		   2		[164, 164]                    
      958683033 :		   2		[165, 165]                    
      988455798 :		   2		[166, 166]                    
       31256555 :		   2		[167, 167]                    
       32018910 :		   2		[168, 168]                    
       32795126 :		   2		[169, 169]                    
       33585370 :		   2		[170, 170]                    
       34389810 :		   2		[171, 171]                    
       35208615 :		   2		[172, 172]                    
       36041955 :		   2		[173, 173]                    
       36890001 :		   2		[174, 174]                    
       37752925 :		   2		[175, 175]                    
       38630900 :		   2		[176, 176]                    
       39524100 :		   2		[177, 177]                    
       40432700 :		   2		[178, 178]                    
       41356876 :		   2		[179, 179]                    
       42296805 :		   2		[180, 180]                    
       43252665 :		   2		[181, 181]                    
       44224635 :		   2		[182, 182]                    
       45212895 :		   2		[183, 183]                    
       46217626 :		   2		[184, 184]                    
       47239010 :		   2		[185, 185]                    
       48277230 :		   2		[186, 186]                    
       49332470 :		   2		[187, 187]                    
       50404915 :		   2		[188, 188]                    
       51494751 :		   2		[189, 189]                    
       52602165 :		   2		[190, 190]                    
       53727345 :		   2		[191, 191]                    
       54870480 :		   2		[192, 192]                    
       56031760 :		   2		[193, 193]                    
       57211376 :		   2		[194, 194]                    
       58409520 :		   2		[195, 195]                    
       59626385 :		   2		[196, 196]                    
       60862165 :		   2		[197, 197]                    
       62117055 :		   2		[198, 198]                    
       63391251 :		   2		[199, 199]                    
       64684950 :		   2		[200, 200]                    
       65998350 :		   2		[201, 201]                    
       67331650 :		   2		[202, 202]                    
       68685050 :		   2		[203, 203]                    
       70058751 :		   2		[204, 204]                    
       71452955 :		   2		[205, 205]                    
       72867865 :		   2		[206, 206]                    
       74303685 :		   2		[207, 207]                    
       75760620 :		   2		[208, 208]                    
       77238876 :		   2		[209, 209]                    
       78738660 :		   2		[210, 210]                    
            330 :		   2		[11, 11]                      
            462 :		   2		[11, 11]                      
            220 :		   2		[12, 12]                      
            495 :		   2		[12, 12]                      
            792 :		   2		[12, 12]                      
            286 :		   2		[13, 13]                      
            715 :		   2		[13, 13]                      
           1287 :		   2		[13, 13]                      
           1716 :		   2		[13, 13]                      
            364 :		   2		[14, 14]                      
           1001 :		   2		[14, 14]                      
           2002 :		   2		[14, 14]                      
           3003 :		   6		[14, 14, 15, 15, 78, 78]      
            455 :		   2		[15, 15]                      
           1365 :		   2		[15, 15]                      
           5005 :		   2		[15, 15]                      
           6435 :		   2		[15, 15]                      
            560 :		   2		[16, 16]                      
           1820 :		   2		[16, 16]                      
           4368 :		   2		[16, 16]                      
           8008 :		   2		[16, 16]                      
          11440 :		   2		[16, 16]                      
            680 :		   2		[17, 17]                      
           2380 :		   2		[17, 17]                      
           6188 :		   2		[17, 17]                      
          12376 :		   2		[17, 17]                      
          19448 :		   2		[17, 17]                      
          24310 :		   2		[17, 17]                      
            816 :		   2		[18, 18]                      
           3060 :		   2		[18, 18]                      
           8568 :		   2		[18, 18]                      
          18564 :		   2		[18, 18]                      
          31824 :		   2		[18, 18]                      
          43758 :		   2		[18, 18]                      
            969 :		   2		[19, 19]                      
           3876 :		   2		[19, 19]                      
          11628 :		   4		[19, 19, 153, 153]            
          27132 :		   2		[19, 19]                      
          50388 :		   2		[19, 19]                      
          75582 :		   2		[19, 19]                      
          92378 :		   2		[19, 19]                      
           1140 :		   2		[20, 20]                      
           4845 :		   2		[20, 20]                      
          15504 :		   2		[20, 20]                      
          38760 :		   2		[20, 20]                      
          77520 :		   2		[20, 20]                      
         125970 :		   2		[20, 20]                      
         167960 :		   2		[20, 20]                      
           1330 :		   2		[21, 21]                      
           5985 :		   2		[21, 21]                      
          20349 :		   2		[21, 21]                      
          54264 :		   2		[21, 21]                      
         116280 :		   2		[21, 21]                      
         203490 :		   2		[21, 21]                      
         293930 :		   2		[21, 21]                      
         352716 :		   2		[21, 21]                      
            231 :		   2		[22, 22]                      
           1540 :		   4		[22, 22, 56, 56]              
           7315 :		   2		[22, 22]                      
          26334 :		   2		[22, 22]                      
          74613 :		   2		[22, 22]                      
         170544 :		   2		[22, 22]                      
         319770 :		   2		[22, 22]                      
         497420 :		   2		[22, 22]                      
         646646 :		   2		[22, 22]                      
            253 :		   2		[23, 23]                      
           1771 :		   2		[23, 23]                      
           8855 :		   2		[23, 23]                      
          33649 :		   2		[23, 23]                      
         100947 :		   2		[23, 23]                      
         245157 :		   2		[23, 23]                      
         490314 :		   2		[23, 23]                      
         817190 :		   2		[23, 23]                      
        1144066 :		   2		[23, 23]                      
        1352078 :		   2		[23, 23]                      
            276 :		   2		[24, 24]                      
           2024 :		   2		[24, 24]                      
          10626 :		   2		[24, 24]                      
          42504 :		   2		[24, 24]                      
         134596 :		   2		[24, 24]                      
         346104 :		   2		[24, 24]                      
         735471 :		   2		[24, 24]                      
        1307504 :		   2		[24, 24]                      
        1961256 :		   2		[24, 24]                      
        2496144 :		   2		[24, 24]                      
            300 :		   2		[25, 25]                      
           2300 :		   2		[25, 25]                      
          12650 :		   2		[25, 25]                      
          53130 :		   2		[25, 25]                      
         177100 :		   2		[25, 25]                      
         480700 :		   2		[25, 25]                      
        1081575 :		   2		[25, 25]                      
        2042975 :		   2		[25, 25]                      
        3268760 :		   2		[25, 25]                      
        4457400 :		   2		[25, 25]                      
        5200300 :		   2		[25, 25]                      
            325 :		   2		[26, 26]                      
           2600 :		   2		[26, 26]                      
          14950 :		   2		[26, 26]                      
          65780 :		   2		[26, 26]                      
         230230 :		   2		[26, 26]                      
         657800 :		   2		[26, 26]                      
        1562275 :		   2		[26, 26]                      
        3124550 :		   2		[26, 26]                      
        5311735 :		   2		[26, 26]                      
        7726160 :		   2		[26, 26]                      
        9657700 :		   2		[26, 26]                      
            351 :		   2		[27, 27]                      
           2925 :		   2		[27, 27]                      
          17550 :		   2		[27, 27]                      
          80730 :		   2		[27, 27]                      
         296010 :		   2		[27, 27]                      
         888030 :		   2		[27, 27]                      
        2220075 :		   2		[27, 27]                      
        4686825 :		   2		[27, 27]                      
        8436285 :		   2		[27, 27]                      
       13037895 :		   2		[27, 27]                      
       17383860 :		   2		[27, 27]                      
       20058300 :		   2		[27, 27]                      
            378 :		   2		[28, 28]                      
           3276 :		   2		[28, 28]                      
          20475 :		   2		[28, 28]                      
          98280 :		   2		[28, 28]                      
         376740 :		   2		[28, 28]                      
        1184040 :		   2		[28, 28]                      
        3108105 :		   2		[28, 28]                      
        6906900 :		   2		[28, 28]                      
       13123110 :		   2		[28, 28]                      
       21474180 :		   2		[28, 28]                      
       30421755 :		   2		[28, 28]                      
       37442160 :		   2		[28, 28]                      
            406 :		   2		[29, 29]                      
           3654 :		   2		[29, 29]                      
          23751 :		   2		[29, 29]                      
         118755 :		   2		[29, 29]                      
         475020 :		   2		[29, 29]                      
        1560780 :		   2		[29, 29]                      
        4292145 :		   2		[29, 29]                      
       10015005 :		   2		[29, 29]                      
       20030010 :		   2		[29, 29]                      
       34597290 :		   2		[29, 29]                      
       51895935 :		   2		[29, 29]                      
       67863915 :		   2		[29, 29]                      
       77558760 :		   2		[29, 29]                      
            435 :		   2		[30, 30]                      
           4060 :		   2		[30, 30]                      
          27405 :		   2		[30, 30]                      
         142506 :		   2		[30, 30]                      
         593775 :		   2		[30, 30]                      
        2035800 :		   2		[30, 30]                      
        5852925 :		   2		[30, 30]                      
       14307150 :		   2		[30, 30]                      
       30045015 :		   2		[30, 30]                      
       54627300 :		   2		[30, 30]                      
       86493225 :		   2		[30, 30]                      
      119759850 :		   2		[30, 30]                      
      145422675 :		   2		[30, 30]                      
            465 :		   2		[31, 31]                      
           4495 :		   2		[31, 31]                      
          31465 :		   2		[31, 31]                      
         169911 :		   2		[31, 31]                      
         736281 :		   2		[31, 31]                      
        2629575 :		   2		[31, 31]                      
        7888725 :		   2		[31, 31]                      
       20160075 :		   2		[31, 31]                      
       44352165 :		   2		[31, 31]                      
       84672315 :		   2		[31, 31]                      
      141120525 :		   2		[31, 31]                      
      206253075 :		   2		[31, 31]                      
      265182525 :		   2		[31, 31]                      
      300540195 :		   2		[31, 31]                      
            496 :		   2		[32, 32]                      
           4960 :		   2		[32, 32]                      
          35960 :		   2		[32, 32]                      
         201376 :		   2		[32, 32]                      
         906192 :		   2		[32, 32]                      
        3365856 :		   2		[32, 32]                      
       10518300 :		   2		[32, 32]                      
       28048800 :		   2		[32, 32]                      
       64512240 :		   2		[32, 32]                      
      129024480 :		   2		[32, 32]                      
      225792840 :		   2		[32, 32]                      
      347373600 :		   2		[32, 32]                      
      471435600 :		   2		[32, 32]                      
      565722720 :		   2		[32, 32]                      
            528 :		   2		[33, 33]                      
           5456 :		   2		[33, 33]                      
          40920 :		   2		[33, 33]                      
         237336 :		   2		[33, 33]                      
        1107568 :		   2		[33, 33]                      
        4272048 :		   2		[33, 33]                      
       13884156 :		   2		[33, 33]                      
       38567100 :		   2		[33, 33]                      
       92561040 :		   2		[33, 33]                      
      193536720 :		   2		[33, 33]                      
      354817320 :		   2		[33, 33]                      
      573166440 :		   2		[33, 33]                      
      818809200 :		   2		[33, 33]                      
            561 :		   2		[34, 34]                      
           5984 :		   2		[34, 34]                      
          46376 :		   2		[34, 34]                      
         278256 :		   2		[34, 34]                      
        1344904 :		   2		[34, 34]                      
        5379616 :		   2		[34, 34]                      
       18156204 :		   2		[34, 34]                      
       52451256 :		   2		[34, 34]                      
      131128140 :		   2		[34, 34]                      
      286097760 :		   2		[34, 34]                      
      548354040 :		   2		[34, 34]                      
      927983760 :		   2		[34, 34]                      
            595 :		   2		[35, 35]                      
           6545 :		   2		[35, 35]                      
          52360 :		   2		[35, 35]                      
         324632 :		   2		[35, 35]                      
        1623160 :		   2		[35, 35]                      
        6724520 :		   2		[35, 35]                      
       23535820 :		   2		[35, 35]                      
       70607460 :		   2		[35, 35]                      
      183579396 :		   2		[35, 35]                      
      417225900 :		   2		[35, 35]                      
      834451800 :		   2		[35, 35]                      
            630 :		   2		[36, 36]                      
           7140 :		   4		[36, 36, 120, 120]            
          58905 :		   2		[36, 36]                      
         376992 :		   2		[36, 36]                      
        1947792 :		   2		[36, 36]                      
        8347680 :		   2		[36, 36]                      
       30260340 :		   2		[36, 36]                      
       94143280 :		   2		[36, 36]                      
      254186856 :		   2		[36, 36]                      
      600805296 :		   2		[36, 36]                      
            666 :		   2		[37, 37]                      
           7770 :		   2		[37, 37]                      
          66045 :		   2		[37, 37]                      
         435897 :		   2		[37, 37]                      
        2324784 :		   2		[37, 37]                      
       10295472 :		   2		[37, 37]                      
       38608020 :		   2		[37, 37]                      
      124403620 :		   2		[37, 37]                      
      348330136 :		   2		[37, 37]                      
      854992152 :		   2		[37, 37]                      
            703 :		   2		[38, 38]                      
           8436 :		   2		[38, 38]                      
          73815 :		   2		[38, 38]                      
         501942 :		   2		[38, 38]                      
        2760681 :		   2		[38, 38]                      
       12620256 :		   2		[38, 38]                      
       48903492 :		   2		[38, 38]                      
      163011640 :		   2		[38, 38]                      
      472733756 :		   2		[38, 38]                      
            741 :		   2		[39, 39]                      
           9139 :		   2		[39, 39]                      
          82251 :		   2		[39, 39]                      
         575757 :		   2		[39, 39]                      
        3262623 :		   2		[39, 39]                      
       15380937 :		   2		[39, 39]                      
       61523748 :		   2		[39, 39]                      
      211915132 :		   2		[39, 39]                      
      635745396 :		   2		[39, 39]                      
            780 :		   2		[40, 40]                      
           9880 :		   2		[40, 40]                      
          91390 :		   2		[40, 40]                      
         658008 :		   2		[40, 40]                      
        3838380 :		   2		[40, 40]                      
       18643560 :		   2		[40, 40]                      
       76904685 :		   2		[40, 40]                      
      273438880 :		   2		[40, 40]                      
      847660528 :		   2		[40, 40]                      
            820 :		   2		[41, 41]                      
          10660 :		   2		[41, 41]                      
         101270 :		   2		[41, 41]                      
         749398 :		   2		[41, 41]                      
        4496388 :		   2		[41, 41]                      
       22481940 :		   2		[41, 41]                      
       95548245 :		   2		[41, 41]                      
      350343565 :		   2		[41, 41]                      
            861 :		   2		[42, 42]                      
          11480 :		   2		[42, 42]                      
         111930 :		   2		[42, 42]                      
         850668 :		   2		[42, 42]                      
        5245786 :		   2		[42, 42]                      
       26978328 :		   2		[42, 42]                      
      118030185 :		   2		[42, 42]                      
      445891810 :		   2		[42, 42]                      
            903 :		   2		[43, 43]                      
          12341 :		   2		[43, 43]                      
         123410 :		   2		[43, 43]                      
         962598 :		   2		[43, 43]                      
        6096454 :		   2		[43, 43]                      
       32224114 :		   2		[43, 43]                      
      145008513 :		   2		[43, 43]                      
      563921995 :		   2		[43, 43]                      
            946 :		   2		[44, 44]                      
          13244 :		   2		[44, 44]                      
         135751 :		   2		[44, 44]                      
        1086008 :		   2		[44, 44]                      
        7059052 :		   2		[44, 44]                      
       38320568 :		   2		[44, 44]                      
      177232627 :		   2		[44, 44]                      
      708930508 :		   2		[44, 44]                      
            990 :		   2		[45, 45]                      
          14190 :		   2		[45, 45]                      
         148995 :		   2		[45, 45]                      
        1221759 :		   2		[45, 45]                      
        8145060 :		   2		[45, 45]                      
       45379620 :		   2		[45, 45]                      
      215553195 :		   2		[45, 45]                      
      886163135 :		   2		[45, 45]                      
           1035 :		   2		[46, 46]                      
          15180 :		   2		[46, 46]                      
         163185 :		   2		[46, 46]                      
        1370754 :		   2		[46, 46]                      
        9366819 :		   2		[46, 46]                      
       53524680 :		   2		[46, 46]                      
      260932815 :		   2		[46, 46]                      
           1081 :		   2		[47, 47]                      
          16215 :		   2		[47, 47]                      
         178365 :		   2		[47, 47]                      
        1533939 :		   2		[47, 47]                      
       10737573 :		   2		[47, 47]                      
       62891499 :		   2		[47, 47]                      
      314457495 :		   2		[47, 47]                      
           1128 :		   2		[48, 48]                      
          17296 :		   2		[48, 48]                      
         194580 :		   2		[48, 48]                      
        1712304 :		   2		[48, 48]                      
       12271512 :		   2		[48, 48]                      
       73629072 :		   2		[48, 48]                      
      377348994 :		   2		[48, 48]                      
           1176 :		   2		[49, 49]                      
          18424 :		   2		[49, 49]                      
         211876 :		   2		[49, 49]                      
        1906884 :		   2		[49, 49]                      
       13983816 :		   2		[49, 49]                      
       85900584 :		   2		[49, 49]                      
      450978066 :		   2		[49, 49]                      
           1225 :		   2		[50, 50]                      
          19600 :		   2		[50, 50]                      
         230300 :		   2		[50, 50]                      
        2118760 :		   2		[50, 50]                      
       15890700 :		   2		[50, 50]                      
       99884400 :		   2		[50, 50]                      
      536878650 :		   2		[50, 50]                      
           1275 :		   2		[51, 51]                      
          20825 :		   2		[51, 51]                      
         249900 :		   2		[51, 51]                      
        2349060 :		   2		[51, 51]                      
       18009460 :		   2		[51, 51]                      
      115775100 :		   2		[51, 51]                      
      636763050 :		   2		[51, 51]                      
           1326 :		   2		[52, 52]                      
          22100 :		   2		[52, 52]                      
         270725 :		   2		[52, 52]                      
        2598960 :		   2		[52, 52]                      
       20358520 :		   2		[52, 52]                      
      133784560 :		   2		[52, 52]                      
      752538150 :		   2		[52, 52]                      
           1378 :		   2		[53, 53]                      
          23426 :		   2		[53, 53]                      
         292825 :		   2		[53, 53]                      
        2869685 :		   2		[53, 53]                      
       22957480 :		   2		[53, 53]                      
      154143080 :		   2		[53, 53]                      
      886322710 :		   2		[53, 53]                      
           1431 :		   2		[54, 54]                      
          24804 :		   2		[54, 54]                      
         316251 :		   2		[54, 54]                      
        3162510 :		   2		[54, 54]                      
       25827165 :		   2		[54, 54]                      
      177100560 :		   2		[54, 54]                      
           1485 :		   2		[55, 55]                      
          26235 :		   2		[55, 55]                      
         341055 :		   2		[55, 55]                      
        3478761 :		   2		[55, 55]                      
       28989675 :		   2		[55, 55]                      
      202927725 :		   2		[55, 55]                      
          27720 :		   2		[56, 56]                      
         367290 :		   2		[56, 56]                      
        3819816 :		   2		[56, 56]                      
       32468436 :		   2		[56, 56]                      
      231917400 :		   2		[56, 56]                      
           1596 :		   2		[57, 57]                      
          29260 :		   2		[57, 57]                      
         395010 :		   2		[57, 57]                      
        4187106 :		   2		[57, 57]                      
       36288252 :		   2		[57, 57]                      
      264385836 :		   2		[57, 57]                      
           1653 :		   2		[58, 58]                      
          30856 :		   2		[58, 58]                      
         424270 :		   2		[58, 58]                      
        4582116 :		   2		[58, 58]                      
       40475358 :		   2		[58, 58]                      
      300674088 :		   2		[58, 58]                      
           1711 :		   2		[59, 59]                      
          32509 :		   2		[59, 59]                      
         455126 :		   2		[59, 59]                      
        5006386 :		   2		[59, 59]                      
       45057474 :		   2		[59, 59]                      
      341149446 :		   2		[59, 59]                      
           1770 :		   2		[60, 60]                      
          34220 :		   2		[60, 60]                      
         487635 :		   2		[60, 60]                      
        5461512 :		   2		[60, 60]                      
       50063860 :		   2		[60, 60]                      
      386206920 :		   2		[60, 60]                      
           1830 :		   2		[61, 61]                      
          35990 :		   2		[61, 61]                      
         521855 :		   2		[61, 61]                      
        5949147 :		   2		[61, 61]                      
       55525372 :		   2		[61, 61]                      
      436270780 :		   2		[61, 61]                      
           1891 :		   2		[62, 62]                      
          37820 :		   2		[62, 62]                      
         557845 :		   2		[62, 62]                      
        6471002 :		   2		[62, 62]                      
       61474519 :		   2		[62, 62]                      
      491796152 :		   2		[62, 62]                      
           1953 :		   2		[63, 63]                      
          39711 :		   2		[63, 63]                      
         595665 :		   2		[63, 63]                      
        7028847 :		   2		[63, 63]                      
       67945521 :		   2		[63, 63]                      
      553270671 :		   2		[63, 63]                      
           2016 :		   2		[64, 64]                      
          41664 :		   2		[64, 64]                      
         635376 :		   2		[64, 64]                      
        7624512 :		   2		[64, 64]                      
       74974368 :		   2		[64, 64]                      
      621216192 :		   2		[64, 64]                      
           2080 :		   2		[65, 65]                      
          43680 :		   2		[65, 65]                      
         677040 :		   2		[65, 65]                      
        8259888 :		   2		[65, 65]                      
       82598880 :		   2		[65, 65]                      
      696190560 :		   2		[65, 65]                      
           2145 :		   2		[66, 66]                      
          45760 :		   2		[66, 66]                      
         720720 :		   2		[66, 66]                      
        8936928 :		   2		[66, 66]                      
       90858768 :		   2		[66, 66]                      
      778789440 :		   2		[66, 66]                      
           2211 :		   2		[67, 67]                      
          47905 :		   2		[67, 67]                      
         766480 :		   2		[67, 67]                      
        9657648 :		   2		[67, 67]                      
       99795696 :		   2		[67, 67]                      
      869648208 :		   2		[67, 67]                      
           2278 :		   2		[68, 68]                      
          50116 :		   2		[68, 68]                      
         814385 :		   2		[68, 68]                      
       10424128 :		   2		[68, 68]                      
      109453344 :		   2		[68, 68]                      
      969443904 :		   2		[68, 68]                      
           2346 :		   2		[69, 69]                      
          52394 :		   2		[69, 69]                      
         864501 :		   2		[69, 69]                      
       11238513 :		   2		[69, 69]                      
      119877472 :		   2		[69, 69]                      
           2415 :		   2		[70, 70]                      
          54740 :		   2		[70, 70]                      
         916895 :		   2		[70, 70]                      
       12103014 :		   2		[70, 70]                      
      131115985 :		   2		[70, 70]                      
           2485 :		   2		[71, 71]                      
          57155 :		   2		[71, 71]                      
         971635 :		   2		[71, 71]                      
       13019909 :		   2		[71, 71]                      
      143218999 :		   2		[71, 71]                      
           2556 :		   2		[72, 72]                      
          59640 :		   2		[72, 72]                      
        1028790 :		   2		[72, 72]                      
       13991544 :		   2		[72, 72]                      
      156238908 :		   2		[72, 72]                      
           2628 :		   2		[73, 73]                      
          62196 :		   2		[73, 73]                      
        1088430 :		   2		[73, 73]                      
       15020334 :		   2		[73, 73]                      
      170230452 :		   2		[73, 73]                      
           2701 :		   2		[74, 74]                      
          64824 :		   2		[74, 74]                      
        1150626 :		   2		[74, 74]                      
       16108764 :		   2		[74, 74]                      
      185250786 :		   2		[74, 74]                      
           2775 :		   2		[75, 75]                      
          67525 :		   2		[75, 75]                      
        1215450 :		   2		[75, 75]                      
       17259390 :		   2		[75, 75]                      
      201359550 :		   2		[75, 75]                      
           2850 :		   2		[76, 76]                      
          70300 :		   2		[76, 76]                      
        1282975 :		   2		[76, 76]                      
       18474840 :		   2		[76, 76]                      
      218618940 :		   2		[76, 76]                      
           2926 :		   2		[77, 77]                      
          73150 :		   2		[77, 77]                      
        1353275 :		   2		[77, 77]                      
       19757815 :		   2		[77, 77]                      
      237093780 :		   2		[77, 77]                      
          76076 :		   2		[78, 78]                      
        1426425 :		   2		[78, 78]                      
       21111090 :		   2		[78, 78]                      
      256851595 :		   2		[78, 78]                      
           3081 :		   2		[79, 79]                      
          79079 :		   2		[79, 79]                      
        1502501 :		   2		[79, 79]                      
       22537515 :		   2		[79, 79]                      
      277962685 :		   2		[79, 79]                      
           3160 :		   2		[80, 80]                      
          82160 :		   2		[80, 80]                      
        1581580 :		   2		[80, 80]                      
       24040016 :		   2		[80, 80]                      
      300500200 :		   2		[80, 80]                      
           3240 :		   2		[81, 81]                      
          85320 :		   2		[81, 81]                      
        1663740 :		   2		[81, 81]                      
       25621596 :		   2		[81, 81]                      
      324540216 :		   2		[81, 81]                      
           3321 :		   2		[82, 82]                      
          88560 :		   2		[82, 82]                      
        1749060 :		   2		[82, 82]                      
       27285336 :		   2		[82, 82]                      
      350161812 :		   2		[82, 82]                      
           3403 :		   2		[83, 83]                      
          91881 :		   2		[83, 83]                      
        1837620 :		   2		[83, 83]                      
       29034396 :		   2		[83, 83]                      
      377447148 :		   2		[83, 83]                      
           3486 :		   2		[84, 84]                      
          95284 :		   2		[84, 84]                      
        1929501 :		   2		[84, 84]                      
       30872016 :		   2		[84, 84]                      
      406481544 :		   2		[84, 84]                      
           3570 :		   2		[85, 85]                      
          98770 :		   2		[85, 85]                      
        2024785 :		   2		[85, 85]                      
       32801517 :		   2		[85, 85]                      
      437353560 :		   2		[85, 85]                      
           3655 :		   2		[86, 86]                      
         102340 :		   2		[86, 86]                      
        2123555 :		   2		[86, 86]                      
       34826302 :		   2		[86, 86]                      
      470155077 :		   2		[86, 86]                      
           3741 :		   2		[87, 87]                      
         105995 :		   2		[87, 87]                      
        2225895 :		   2		[87, 87]                      
       36949857 :		   2		[87, 87]                      
      504981379 :		   2		[87, 87]                      
           3828 :		   2		[88, 88]                      
         109736 :		   2		[88, 88]                      
        2331890 :		   2		[88, 88]                      
       39175752 :		   2		[88, 88]                      
      541931236 :		   2		[88, 88]                      
           3916 :		   2		[89, 89]                      
         113564 :		   2		[89, 89]                      
        2441626 :		   2		[89, 89]                      
       41507642 :		   2		[89, 89]                      
      581106988 :		   2		[89, 89]                      
           4005 :		   2		[90, 90]                      
         117480 :		   2		[90, 90]                      
        2555190 :		   2		[90, 90]                      
       43949268 :		   2		[90, 90]                      
      622614630 :		   2		[90, 90]                      
           4095 :		   2		[91, 91]                      
         121485 :		   2		[91, 91]                      
        2672670 :		   2		[91, 91]                      
       46504458 :		   2		[91, 91]                      
      666563898 :		   2		[91, 91]                      
           4186 :		   2		[92, 92]                      
         125580 :		   2		[92, 92]                      
        2794155 :		   2		[92, 92]                      
       49177128 :		   2		[92, 92]                      
      713068356 :		   2		[92, 92]                      
           4278 :		   2		[93, 93]                      
         129766 :		   2		[93, 93]                      
        2919735 :		   2		[93, 93]                      
       51971283 :		   2		[93, 93]                      
      762245484 :		   2		[93, 93]                      
           4371 :		   2		[94, 94]                      
         134044 :		   2		[94, 94]                      
        3049501 :		   2		[94, 94]                      
       54891018 :		   2		[94, 94]                      
      814216767 :		   2		[94, 94]                      
           4465 :		   2		[95, 95]                      
         138415 :		   2		[95, 95]                      
        3183545 :		   2		[95, 95]                      
       57940519 :		   2		[95, 95]                      
      869107785 :		   2		[95, 95]                      
           4560 :		   2		[96, 96]                      
         142880 :		   2		[96, 96]                      
        3321960 :		   2		[96, 96]                      
       61124064 :		   2		[96, 96]                      
      927048304 :		   2		[96, 96]                      
           4656 :		   2		[97, 97]                      
         147440 :		   2		[97, 97]                      
        3464840 :		   2		[97, 97]                      
       64446024 :		   2		[97, 97]                      
      988172368 :		   2		[97, 97]                      
           4753 :		   2		[98, 98]                      
         152096 :		   2		[98, 98]                      
        3612280 :		   2		[98, 98]                      
       67910864 :		   2		[98, 98]                      
           4851 :		   2		[99, 99]                      
         156849 :		   2		[99, 99]                      
        3764376 :		   2		[99, 99]                      
       71523144 :		   2		[99, 99]                      
           4950 :		   2		[100, 100]                    
         161700 :		   2		[100, 100]                    
        3921225 :		   2		[100, 100]                    
       75287520 :		   2		[100, 100]                    
           5050 :		   2		[101, 101]                    
         166650 :		   2		[101, 101]                    
        4082925 :		   2		[101, 101]                    
       79208745 :		   2		[101, 101]                    
           5151 :		   2		[102, 102]                    
         171700 :		   2		[102, 102]                    
        4249575 :		   2		[102, 102]                    
       83291670 :		   2		[102, 102]                    
           5253 :		   2		[103, 103]                    
         176851 :		   2		[103, 103]                    
        4421275 :		   2		[103, 103]                    
       87541245 :		   2		[103, 103]                    
           5356 :		   2		[104, 104]                    
         182104 :		   2		[104, 104]                    
        4598126 :		   2		[104, 104]                    
       91962520 :		   2		[104, 104]                    
           5460 :		   2		[105, 105]                    
         187460 :		   2		[105, 105]                    
        4780230 :		   2		[105, 105]                    
       96560646 :		   2		[105, 105]                    
           5565 :		   2		[106, 106]                    
         192920 :		   2		[106, 106]                    
        4967690 :		   2		[106, 106]                    
      101340876 :		   2		[106, 106]                    
           5671 :		   2		[107, 107]                    
         198485 :		   2		[107, 107]                    
        5160610 :		   2		[107, 107]                    
      106308566 :		   2		[107, 107]                    
           5778 :		   2		[108, 108]                    
         204156 :		   2		[108, 108]                    
        5359095 :		   2		[108, 108]                    
      111469176 :		   2		[108, 108]                    
           5886 :		   2		[109, 109]                    
         209934 :		   2		[109, 109]                    
        5563251 :		   2		[109, 109]                    
      116828271 :		   2		[109, 109]                    
           5995 :		   2		[110, 110]                    
         215820 :		   2		[110, 110]                    
        5773185 :		   2		[110, 110]                    
      122391522 :		   2		[110, 110]                    
           6105 :		   2		[111, 111]                    
         221815 :		   2		[111, 111]                    
        5989005 :		   2		[111, 111]                    
      128164707 :		   2		[111, 111]                    
           6216 :		   2		[112, 112]                    
         227920 :		   2		[112, 112]                    
        6210820 :		   2		[112, 112]                    
      134153712 :		   2		[112, 112]                    
           6328 :		   2		[113, 113]                    
         234136 :		   2		[113, 113]                    
        6438740 :		   2		[113, 113]                    
      140364532 :		   2		[113, 113]                    
           6441 :		   2		[114, 114]                    
         240464 :		   2		[114, 114]                    
        6672876 :		   2		[114, 114]                    
      146803272 :		   2		[114, 114]                    
           6555 :		   2		[115, 115]                    
         246905 :		   2		[115, 115]                    
        6913340 :		   2		[115, 115]                    
      153476148 :		   2		[115, 115]                    
           6670 :		   2		[116, 116]                    
         253460 :		   2		[116, 116]                    
        7160245 :		   2		[116, 116]                    
      160389488 :		   2		[116, 116]                    
           6786 :		   2		[117, 117]                    
         260130 :		   2		[117, 117]                    
        7413705 :		   2		[117, 117]                    
      167549733 :		   2		[117, 117]                    
           6903 :		   2		[118, 118]                    
         266916 :		   2		[118, 118]                    
        7673835 :		   2		[118, 118]                    
      174963438 :		   2		[118, 118]                    
           7021 :		   2		[119, 119]                    
         273819 :		   2		[119, 119]                    
        7940751 :		   2		[119, 119]                    
      182637273 :		   2		[119, 119]                    
         280840 :		   2		[120, 120]                    
        8214570 :		   2		[120, 120]                    
      190578024 :		   2		[120, 120]                    
           7260 :		   2		[121, 121]                    
         287980 :		   2		[121, 121]                    
        8495410 :		   2		[121, 121]                    
      198792594 :		   2		[121, 121]                    
           7381 :		   2		[122, 122]                    
         295240 :		   2		[122, 122]                    
        8783390 :		   2		[122, 122]                    
      207288004 :		   2		[122, 122]                    
           7503 :		   2		[123, 123]                    
         302621 :		   2		[123, 123]                    
        9078630 :		   2		[123, 123]                    
      216071394 :		   2		[123, 123]                    
           7626 :		   2		[124, 124]                    
         310124 :		   2		[124, 124]                    
        9381251 :		   2		[124, 124]                    
      225150024 :		   2		[124, 124]                    
           7750 :		   2		[125, 125]                    
         317750 :		   2		[125, 125]                    
        9691375 :		   2		[125, 125]                    
      234531275 :		   2		[125, 125]                    
           7875 :		   2		[126, 126]                    
         325500 :		   2		[126, 126]                    
       10009125 :		   2		[126, 126]                    
      244222650 :		   2		[126, 126]                    
           8001 :		   2		[127, 127]                    
         333375 :		   2		[127, 127]                    
       10334625 :		   2		[127, 127]                    
      254231775 :		   2		[127, 127]                    
           8128 :		   2		[128, 128]                    
         341376 :		   2		[128, 128]                    
       10668000 :		   2		[128, 128]                    
      264566400 :		   2		[128, 128]                    
           8256 :		   2		[129, 129]                    
         349504 :		   2		[129, 129]                    
       11009376 :		   2		[129, 129]                    
      275234400 :		   2		[129, 129]                    
           8385 :		   2		[130, 130]                    
         357760 :		   2		[130, 130]                    
       11358880 :		   2		[130, 130]                    
      286243776 :		   2		[130, 130]                    
           8515 :		   2		[131, 131]                    
         366145 :		   2		[131, 131]                    
       11716640 :		   2		[131, 131]                    
      297602656 :		   2		[131, 131]                    
           8646 :		   2		[132, 132]                    
         374660 :		   2		[132, 132]                    
       12082785 :		   2		[132, 132]                    
      309319296 :		   2		[132, 132]                    
           8778 :		   2		[133, 133]                    
         383306 :		   2		[133, 133]                    
       12457445 :		   2		[133, 133]                    
      321402081 :		   2		[133, 133]                    
           8911 :		   2		[134, 134]                    
         392084 :		   2		[134, 134]                    
       12840751 :		   2		[134, 134]                    
      333859526 :		   2		[134, 134]                    
           9045 :		   2		[135, 135]                    
         400995 :		   2		[135, 135]                    
       13232835 :		   2		[135, 135]                    
      346700277 :		   2		[135, 135]                    
           9180 :		   2		[136, 136]                    
         410040 :		   2		[136, 136]                    
       13633830 :		   2		[136, 136]                    
      359933112 :		   2		[136, 136]                    
           9316 :		   2		[137, 137]                    
         419220 :		   2		[137, 137]                    
       14043870 :		   2		[137, 137]                    
      373566942 :		   2		[137, 137]                    
           9453 :		   2		[138, 138]                    
         428536 :		   2		[138, 138]                    
       14463090 :		   2		[138, 138]                    
      387610812 :		   2		[138, 138]                    
           9591 :		   2		[139, 139]                    
         437989 :		   2		[139, 139]                    
       14891626 :		   2		[139, 139]                    
      402073902 :		   2		[139, 139]                    
           9730 :		   2		[140, 140]                    
         447580 :		   2		[140, 140]                    
       15329615 :		   2		[140, 140]                    
      416965528 :		   2		[140, 140]                    
           9870 :		   2		[141, 141]                    
         457310 :		   2		[141, 141]                    
       15777195 :		   2		[141, 141]                    
      432295143 :		   2		[141, 141]                    
          10011 :		   2		[142, 142]                    
         467180 :		   2		[142, 142]                    
       16234505 :		   2		[142, 142]                    
      448072338 :		   2		[142, 142]                    
          10153 :		   2		[143, 143]                    
         477191 :		   2		[143, 143]                    
       16701685 :		   2		[143, 143]                    
      464306843 :		   2		[143, 143]                    
          10296 :		   2		[144, 144]                    
         487344 :		   2		[144, 144]                    
       17178876 :		   2		[144, 144]                    
      481008528 :		   2		[144, 144]                    
          10440 :		   2		[145, 145]                    
         497640 :		   2		[145, 145]                    
       17666220 :		   2		[145, 145]                    
      498187404 :		   2		[145, 145]                    
          10585 :		   2		[146, 146]                    
         508080 :		   2		[146, 146]                    
       18163860 :		   2		[146, 146]                    
      515853624 :		   2		[146, 146]                    
          10731 :		   2		[147, 147]                    
         518665 :		   2		[147, 147]                    
       18671940 :		   2		[147, 147]                    
      534017484 :		   2		[147, 147]                    
          10878 :		   2		[148, 148]                    
         529396 :		   2		[148, 148]                    
       19190605 :		   2		[148, 148]                    
      552689424 :		   2		[148, 148]                    
          11026 :		   2		[149, 149]                    
         540274 :		   2		[149, 149]                    
       19720001 :		   2		[149, 149]                    
      571880029 :		   2		[149, 149]                    
          11175 :		   2		[150, 150]                    
         551300 :		   2		[150, 150]                    
       20260275 :		   2		[150, 150]                    
      591600030 :		   2		[150, 150]                    
          11325 :		   2		[151, 151]                    
         562475 :		   2		[151, 151]                    
       20811575 :		   2		[151, 151]                    
      611860305 :		   2		[151, 151]                    
          11476 :		   2		[152, 152]                    
         573800 :		   2		[152, 152]                    
       21374050 :		   2		[152, 152]                    
      632671880 :		   2		[152, 152]                    
         585276 :		   2		[153, 153]                    
       21947850 :		   2		[153, 153]                    
      654045930 :		   2		[153, 153]                    
          11781 :		   2		[154, 154]                    
         596904 :		   2		[154, 154]                    
       22533126 :		   2		[154, 154]                    
      675993780 :		   2		[154, 154]                    
          11935 :		   2		[155, 155]                    
         608685 :		   2		[155, 155]                    
       23130030 :		   2		[155, 155]                    
      698526906 :		   2		[155, 155]                    
          12090 :		   2		[156, 156]                    
         620620 :		   2		[156, 156]                    
       23738715 :		   2		[156, 156]                    
      721656936 :		   2		[156, 156]                    
          12246 :		   2		[157, 157]                    
         632710 :		   2		[157, 157]                    
       24359335 :		   2		[157, 157]                    
      745395651 :		   2		[157, 157]                    
          12403 :		   2		[158, 158]                    
         644956 :		   2		[158, 158]                    
       24992045 :		   2		[158, 158]                    
      769754986 :		   2		[158, 158]                    
          12561 :		   2		[159, 159]                    
         657359 :		   2		[159, 159]                    
       25637001 :		   2		[159, 159]                    
      794747031 :		   2		[159, 159]                    
          12720 :		   2		[160, 160]                    
         669920 :		   2		[160, 160]                    
       26294360 :		   2		[160, 160]                    
      820384032 :		   2		[160, 160]                    
          12880 :		   2		[161, 161]                    
         682640 :		   2		[161, 161]                    
       26964280 :		   2		[161, 161]                    
      846678392 :		   2		[161, 161]                    
          13041 :		   2		[162, 162]                    
         695520 :		   2		[162, 162]                    
       27646920 :		   2		[162, 162]                    
      873642672 :		   2		[162, 162]                    
          13203 :		   2		[163, 163]                    
         708561 :		   2		[163, 163]                    
       28342440 :		   2		[163, 163]                    
      901289592 :		   2		[163, 163]                    
          13366 :		   2		[164, 164]                    
         721764 :		   2		[164, 164]                    
       29051001 :		   2		[164, 164]                    
      929632032 :		   2		[164, 164]                    
          13530 :		   2		[165, 165]                    
         735130 :		   2		[165, 165]                    
       29772765 :		   2		[165, 165]                    
      958683033 :		   2		[165, 165]                    
          13695 :		   2		[166, 166]                    
         748660 :		   2		[166, 166]                    
       30507895 :		   2		[166, 166]                    
      988455798 :		   2		[166, 166]                    
          13861 :		   2		[167, 167]                    
         762355 :		   2		[167, 167]                    
       31256555 :		   2		[167, 167]                    
          14028 :		   2		[168, 168]                    
         776216 :		   2		[168, 168]                    
       32018910 :		   2		[168, 168]                    
          14196 :		   2		[169, 169]                    
         790244 :		   2		[169, 169]                    
       32795126 :		   2		[169, 169]                    
          14365 :		   2		[170, 170]                    
         804440 :		   2		[170, 170]                    
       33585370 :		   2		[170, 170]                    
          14535 :		   2		[171, 171]                    
         818805 :		   2		[171, 171]                    
       34389810 :		   2		[171, 171]                    
          14706 :		   2		[172, 172]                    
         833340 :		   2		[172, 172]                    
       35208615 :		   2		[172, 172]                    
          14878 :		   2		[173, 173]                    
         848046 :		   2		[173, 173]                    
       36041955 :		   2		[173, 173]                    
          15051 :		   2		[174, 174]                    
         862924 :		   2		[174, 174]                    
       36890001 :		   2		[174, 174]                    
          15225 :		   2		[175, 175]                    
         877975 :		   2		[175, 175]                    
       37752925 :		   2		[175, 175]                    
          15400 :		   2		[176, 176]                    
         893200 :		   2		[176, 176]                    
       38630900 :		   2		[176, 176]                    
          15576 :		   2		[177, 177]                    
         908600 :		   2		[177, 177]                    
       39524100 :		   2		[177, 177]                    
          15753 :		   2		[178, 178]                    
         924176 :		   2		[178, 178]                    
       40432700 :		   2		[178, 178]                    
          15931 :		   2		[179, 179]                    
         939929 :		   2		[179, 179]                    
       41356876 :		   2		[179, 179]                    
          16110 :		   2		[180, 180]                    
         955860 :		   2		[180, 180]                    
       42296805 :		   2		[180, 180]                    
          16290 :		   2		[181, 181]                    
         971970 :		   2		[181, 181]                    
       43252665 :		   2		[181, 181]                    
          16471 :		   2		[182, 182]                    
         988260 :		   2		[182, 182]                    
       44224635 :		   2		[182, 182]                    
          16653 :		   2		[183, 183]                    
        1004731 :		   2		[183, 183]                    
       45212895 :		   2		[183, 183]                    
          16836 :		   2		[184, 184]                    
        1021384 :		   2		[184, 184]                    
       46217626 :		   2		[184, 184]                    
          17020 :		   2		[185, 185]                    
        1038220 :		   2		[185, 185]                    
       47239010 :		   2		[185, 185]                    
          17205 :		   2		[186, 186]                    
        1055240 :		   2		[186, 186]                    
       48277230 :		   2		[186, 186]                    
          17391 :		   2		[187, 187]                    
        1072445 :		   2		[187, 187]                    
       49332470 :		   2		[187, 187]                    
          17578 :		   2		[188, 188]                    
        1089836 :		   2		[188, 188]                    
       50404915 :		   2		[188, 188]                    
          17766 :		   2		[189, 189]                    
        1107414 :		   2		[189, 189]                    
       51494751 :		   2		[189, 189]                    
          17955 :		   2		[190, 190]                    
        1125180 :		   2		[190, 190]                    
       52602165 :		   2		[190, 190]                    
          18145 :		   2		[191, 191]                    
        1143135 :		   2		[191, 191]                    
       53727345 :		   2		[191, 191]                    
          18336 :		   2		[192, 192]                    
        1161280 :		   2		[192, 192]                    
       54870480 :		   2		[192, 192]                    
          18528 :		   2		[193, 193]                    
        1179616 :		   2		[193, 193]                    
       56031760 :		   2		[193, 193]                    
          18721 :		   2		[194, 194]                    
        1198144 :		   2		[194, 194]                    
       57211376 :		   2		[194, 194]                    
          18915 :		   2		[195, 195]                    
        1216865 :		   2		[195, 195]                    
       58409520 :		   2		[195, 195]                    
          19110 :		   2		[196, 196]                    
        1235780 :		   2		[196, 196]                    
       59626385 :		   2		[196, 196]                    
          19306 :		   2		[197, 197]                    
        1254890 :		   2		[197, 197]                    
       60862165 :		   2		[197, 197]                    
          19503 :		   2		[198, 198]                    
        1274196 :		   2		[198, 198]                    
       62117055 :		   2		[198, 198]                    
          19701 :		   2		[199, 199]                    
        1293699 :		   2		[199, 199]                    
       63391251 :		   2		[199, 199]                    
          19900 :		   2		[200, 200]                    
        1313400 :		   2		[200, 200]                    
       64684950 :		   2		[200, 200]                    
          20100 :		   2		[201, 201]                    
        1333300 :		   2		[201, 201]                    
       65998350 :		   2		[201, 201]                    
          20301 :		   2		[202, 202]                    
        1353400 :		   2		[202, 202]                    
       67331650 :		   2		[202, 202]                    
          20503 :		   2		[203, 203]                    
        1373701 :		   2		[203, 203]                    
       68685050 :		   2		[203, 203]                    
          20706 :		   2		[204, 204]                    
        1394204 :		   2		[204, 204]                    
       70058751 :		   2		[204, 204]                    
          20910 :		   2		[205, 205]                    
        1414910 :		   2		[205, 205]                    
       71452955 :		   2		[205, 205]                    
          21115 :		   2		[206, 206]                    
        1435820 :		   2		[206, 206]                    
       72867865 :		   2		[206, 206]                    
          21321 :		   2		[207, 207]                    
        1456935 :		   2		[207, 207]                    
       74303685 :		   2		[207, 207]                    
          21528 :		   2		[208, 208]                    
        1478256 :		   2		[208, 208]                    
       75760620 :		   2		[208, 208]                    
          21736 :		   2		[209, 209]                    
        1499784 :		   2		[209, 209]                    
       77238876 :		   2		[209, 209]                    
          21945 :		   2		[210, 210]                    
        1521520 :		   2		[210, 210]                    
       78738660 :		   2		[210, 210]                    
