                10.0 : [5, 5, 10, 10]
                15.0 : [6, 6, 15, 15]
                21.0 : [7, 7, 21, 21]
                35.0 : [7, 7, 35, 35]
                28.0 : [8, 8, 28, 28]
                36.0 : [9, 9, 36, 36]
                45.0 : [10, 10, 45, 45]
               120.0 : [10, 10, 16, 16, 120]
               210.0 : [10, 10, 21, 21, 210]
                55.0 : [11, 11, 55, 55]
               330.0 : [11, 11, 330, 330]
               462.0 : [11, 11, 462, 462]
              3003.0 : [14, 14, 15, 15, 78, 3003]
              1540.0 : [22, 22, 56, 1540]
               300.0 : [25, 25, 300, 300]
               325.0 : [26, 26, 325, 325]
               820.0 : [41, 41, 820, 820]
