   Row     Odds(this row)  Evens(this row)	   Odd Percentage(this row)      Total Odds      Total Evens  	    Total Odds Percentage     
         1                1               0	1.0                                          1               0	1.0
         2                2               0	1.0                                          3               0	1.0
         3                2               1	0.6666666666666666                           5               1	0.8333333333333334
         4                4               0	1.0                                          9               1	0.9
         5                2               3	0.4                                         11               4	0.7333333333333333
         6                4               2	0.6666666666666666                          15               6	0.7142857142857143
         7                4               3	0.5714285714285714                          19               9	0.6785714285714286
         8                8               0	1.0                                         27               9	0.75
         9                2               7	0.2222222222222222                          29              16	0.6444444444444445
        10                4               6	0.4                                         33              22	0.6
        11                4               7	0.36363636363636365                         37              29	0.5606060606060606
        12                8               4	0.6666666666666666                          45              33	0.5769230769230769
        13                4               9	0.3076923076923077                          49              42	0.5384615384615384
        14                8               6	0.5714285714285714                          57              48	0.5428571428571428
        15                8               7	0.5333333333333333                          65              55	0.5416666666666666
        16               16               0	1.0                                         81              55	0.5955882352941176
        17                2              15	0.11764705882352941                         83              70	0.5424836601307189
        18                4              14	0.2222222222222222                          87              84	0.5087719298245614
        19                4              15	0.21052631578947367                         91              99	0.4789473684210526
        20                8              12	0.4                                         99             111	0.4714285714285714
        21                4              17	0.19047619047619047                        103             128	0.4458874458874459
        22                8              14	0.36363636363636365                        111             142	0.43873517786561267
        23                8              15	0.34782608695652173                        119             157	0.4311594202898551
        24               16               8	0.6666666666666666                         135             165	0.45
        25                4              21	0.16                                       139             186	0.4276923076923077
        26                8              18	0.3076923076923077                         147             204	0.4188034188034188
        27                8              19	0.2962962962962963                         155             223	0.41005291005291006
        28               16              12	0.5714285714285714                         171             235	0.4211822660098522
        29                8              21	0.27586206896551724                        179             256	0.4114942528735632
        30               29               1	0.9666666666666667                         208             257	0.44731182795698926
        31               16              15	0.5161290322580645                         224             272	0.45161290322580644
        32               32               0	1.0                                        256             272	0.48484848484848486
        33               23              10	0.696969696969697                          279             282	0.49732620320855614
        34                4              30	0.11764705882352941                        283             312	0.4756302521008403
        35               27               8	0.7714285714285715                         310             320	0.49206349206349204
        36                8              28	0.2222222222222222                         318             348	0.4774774774774775
        37                4              33	0.10810810810810811                        322             381	0.45803698435277385
        38                8              30	0.21052631578947367                        330             411	0.44534412955465585
        39                8              31	0.20512820512820512                        338             442	0.43333333333333335
        40               16              24	0.4                                        354             466	0.4317073170731707
        41                4              37	0.0975609756097561                         358             503	0.41579558652729387
        42               20              22	0.47619047619047616                        378             525	0.4186046511627907
        43                8              35	0.18604651162790697                        386             560	0.4080338266384778
        44               30              14	0.6818181818181818                         416             574	0.4202020202020202
        45                8              37	0.17777777777777778                        424             611	0.4096618357487923
        46               16              30	0.34782608695652173                        440             641	0.4070305272895467
        47               16              31	0.3404255319148936                         456             672	0.40425531914893614
        48               32              16	0.6666666666666666                         488             688	0.41496598639455784
        49               23              26	0.46938775510204084                        511             714	0.41714285714285715
        50               47               3	0.94                                       558             717	0.4376470588235294
        51               17              34	0.3333333333333333                         575             751	0.4336349924585219
        52               16              36	0.3076923076923077                         591             787	0.4288824383164006
        53                8              45	0.1509433962264151                         599             832	0.4185883997204752
        54               24              30	0.4444444444444444                         623             862	0.41952861952861953
        55               31              24	0.5636363636363636                         654             886	0.42467532467532465
        56               32              24	0.5714285714285714                         686             910	0.4298245614035088
        57               51               6	0.8947368421052632                         737             916	0.4458560193587417
        58               14              44	0.2413793103448276                         751             960	0.43892460549386325
        59               29              30	0.4915254237288136                         780             990	0.4406779661016949
        60               46              14	0.7666666666666667                         826            1004	0.45136612021857925
        61               12              49	0.19672131147540983                        838            1053	0.44315177154944474
        62               31              31	0.5                                        869            1084	0.44495647721454173
        63               34              29	0.5396825396825397                         903            1113	0.4479166666666667
        64               40              24	0.625                                      943            1137	0.4533653846153846
        65                2              63	0.03076923076923077                        945            1200	0.4405594405594406
        66               30              36	0.45454545454545453                        975            1236	0.44097693351424694
        67               21              46	0.31343283582089554                        996            1282	0.437225636523266
        68               22              46	0.3235294117647059                        1018            1328	0.4339300937766411
        69               18              51	0.2608695652173913                        1036            1379	0.4289855072463768
        70               22              48	0.3142857142857143                        1058            1427	0.42575452716297785
        71               21              50	0.29577464788732394                       1079            1477	0.42214397496087636
        72               25              47	0.3472222222222222                        1104            1524	0.4200913242009132
        73               19              54	0.2602739726027397                        1123            1578	0.4157719363198815
        74               21              53	0.28378378378378377                       1144            1631	0.41225225225225226
        75                8              67	0.10666666666666667                       1152            1698	0.40421052631578946
        76               25              51	0.32894736842105265                       1177            1749	0.40225563909774437
        77               20              57	0.2597402597402597                        1197            1806	0.3986013986013986
        78               23              55	0.2948717948717949                        1220            1861	0.39597533268419344
        79               24              55	0.3037974683544304                        1244            1916	0.39367088607594936
        80               32              48	0.4                                       1276            1964	0.39382716049382716
        81               17              64	0.20987654320987653                       1293            2028	0.3893405600722674
        82               18              64	0.21951219512195122                       1311            2092	0.38524831031442847
        83               17              66	0.20481927710843373                       1328            2158	0.38095238095238093
        84               19              65	0.2261904761904762                        1347            2223	0.3773109243697479
        85               17              68	0.2                                       1364            2291	0.373187414500684
        86               19              67	0.22093023255813954                       1383            2358	0.3696872493985565
        87               18              69	0.20689655172413793                       1401            2427	0.365987460815047
        88               26              62	0.29545454545454547                       1427            2489	0.3644024514811032
        89               17              72	0.19101123595505617                       1444            2561	0.36054931335830215
        90               19              71	0.2111111111111111                        1463            2632	0.3572649572649573
        91               22              69	0.24175824175824176                       1485            2701	0.3547539417104634
        92               22              70	0.2391304347826087                        1507            2771	0.3522674146797569
        93               18              75	0.1935483870967742                        1525            2846	0.3488904140928849
        94               21              73	0.22340425531914893                       1546            2919	0.34624860022396414
        95               26              69	0.2736842105263158                        1572            2988	0.3447368421052632
        96               28              68	0.2916666666666667                        1600            3056	0.3436426116838488
        97               14              83	0.14432989690721648                       1614            3139	0.3395750052598359
        98               16              82	0.16326530612244897                       1630            3221	0.33601319315605027
        99               15              84	0.15151515151515152                       1645            3305	0.3323232323232323
       100               18              82	0.18                                      1663            3387	0.3293069306930693
       101               16              85	0.15841584158415842                       1679            3472	0.32595612502426713
       102               17              85	0.16666666666666666                       1696            3557	0.3228631258328574
       103                8              95	0.07766990291262135                       1704            3652	0.3181478715459298
       104               21              83	0.20192307692307693                       1725            3735	0.3159340659340659
       105                5             100	0.047619047619047616                      1730            3835	0.3108715184186882
       106               17              89	0.16037735849056603                       1747            3924	0.3080585434667607
       107               17              90	0.1588785046728972                        1764            4014	0.3052959501557632
       108               24              84	0.2222222222222222                        1788            4098	0.3037716615698267
       109               17              92	0.1559633027522936                        1805            4190	0.3010842368640534
       110               19              91	0.17272727272727273                       1824            4281	0.2987714987714988
       111               19              92	0.17117117117117117                       1843            4373	0.2964929214929215
       112               26              86	0.23214285714285715                       1869            4459	0.29535398230088494
       113               14              99	0.12389380530973451                       1883            4558	0.29234590902033847
       114               24              90	0.21052631578947367                       1907            4648	0.29092295957284514
       115               18              97	0.1565217391304348                        1925            4745	0.2886056971514243
       116               17              99	0.14655172413793102                       1942            4844	0.2861774241084586
       117               22              95	0.18803418803418803                       1964            4939	0.2845139794292337
       118               17             101	0.1440677966101695                        1981            5040	0.28215353938185445
       119               16             103	0.13445378151260504                       1997            5143	0.2796918767507003
       120               20             100	0.16666666666666666                       2017            5243	0.2778236914600551
       121               14             107	0.11570247933884298                       2031            5350	0.27516596667118276
       122               16             106	0.13114754098360656                       2047            5456	0.2728242036518726
       123               20             103	0.16260162601626016                       2067            5559	0.2710464201416208
       124               19             105	0.1532258064516129                        2086            5664	0.2691612903225806
       125                6             119	0.048                                     2092            5783	0.26565079365079364
       126               18             108	0.14285714285714285                       2110            5891	0.26371703537057867
       127               18             109	0.14173228346456693                       2128            6000	0.2618110236220472
       128               24             104	0.1875                                    2152            6104	0.2606589147286822
       129               13             116	0.10077519379844961                       2165            6220	0.25819916517590935
       130               14             116	0.1076923076923077                        2179            6336	0.2559013505578391
       131               14             117	0.10687022900763359                       2193            6453	0.2536433032616239
       132               15             117	0.11363636363636363                       2208            6570	0.25153793574846206
       133               13             120	0.09774436090225563                       2221            6690	0.24924250925822017
       134                8             126	0.05970149253731343                       2229            6816	0.24643449419568822
       135               15             120	0.1111111111111111                        2244            6936	0.24444444444444444
       136               19             117	0.13970588235294118                       2263            7053	0.24291541434091884
       137               13             124	0.0948905109489051                        2276            7177	0.24077012588596214
       138               15             123	0.10869565217391304                       2291            7300	0.23886977374622043
       139               15             124	0.1079136690647482                        2306            7424	0.23699897225077082
       140               15             125	0.10714285714285714                       2321            7549	0.23515704154002026
       141               14             127	0.09929078014184398                       2335            7676	0.233243432224553
       142               17             125	0.11971830985915492                       2352            7801	0.23165566827538658
       143               17             126	0.11888111888111888                       2369            7927	0.2300893550893551
       144               23             121	0.1597222222222222                        2392            8048	0.22911877394636015
       145               12             133	0.08275862068965517                       2404            8181	0.22711384034010393
       146               13             133	0.08904109589041095                       2417            8314	0.22523529959929178
       147               13             134	0.08843537414965986                       2430            8448	0.22338665195808052
       148               15             133	0.10135135135135136                       2445            8581	0.2217485942318157
       149               13             136	0.087248322147651                         2458            8717	0.2199552572706935
       150               15             135	0.1                                       2473            8852	0.2183664459161148
       151               15             136	0.09933774834437085                       2488            8988	0.21680027884280237
       152               19             133	0.125                                     2507            9121	0.21560027519779842
       153               13             140	0.08496732026143791                       2520            9261	0.21390374331550802
       154               15             139	0.09740259740259741                       2535            9400	0.21240050272308336
       155               15             140	0.0967741935483871                        2550            9540	0.2109181141439206
       156               18             138	0.11538461538461539                       2568            9678	0.20970112689857912
       157               13             144	0.08280254777070063                       2581            9822	0.20809481577037814
       158               17             141	0.10759493670886076                       2598            9963	0.20683066634822067
       159               17             142	0.1069182389937107                        2615           10105	0.2055817610062893
       160               22             138	0.1375                                    2637           10243	0.2047360248447205
       161               12             149	0.07453416149068323                       2649           10392	0.20312859443294226
       162               12             150	0.07407407407407407                       2661           10542	0.20154510338559417
       163                4             159	0.024539877300613498                      2665           10701	0.19938650306748465
       164               15             149	0.09146341463414634                       2680           10850	0.19807834441980784
       165               13             152	0.07878787878787878                       2693           11002	0.19664110989412195
       166               14             152	0.08433734939759036                       2707           11154	0.19529615467859462
       167               15             152	0.08982035928143713                       2722           11306	0.19404049044767607
       168               18             150	0.10714285714285714                       2740           11456	0.19301211608903918
       169                4             165	0.023668639053254437                      2744           11621	0.19101983988861818
       170               15             155	0.08823529411764706                       2759           11776	0.18981768145854833
       171               15             156	0.08771929824561403                       2774           11932	0.18863049095607234
       172               17             155	0.09883720930232558                       2791           12087	0.18759241833579782
       173                6             167	0.03468208092485549                       2797           12254	0.18583482825061456
       174               17             157	0.09770114942528736                       2814           12411	0.18482758620689654
       175               18             157	0.10285714285714286                       2832           12568	0.1838961038961039
       176               21             155	0.11931818181818182                       2853           12723	0.18316640986132512
       177               11             166	0.062146892655367235                      2864           12889	0.1818066400050784
       178               12             166	0.06741573033707865                       2876           13055	0.1805285292825309
       179                4             175	0.0223463687150838                        2880           13230	0.1787709497206704
       180               10             170	0.05555555555555555                       2890           13400	0.17740945365254757
       181               13             168	0.0718232044198895                        2903           13568	0.17624916519944145
       182               14             168	0.07692307692307693                       2917           13736	0.17516363418002762
       183               14             169	0.07650273224043716                       2931           13905	0.1740912330719886
       184               18             166	0.09782608695652174                       2949           14071	0.17326674500587544
       185               16             169	0.08648648648648649                       2965           14240	0.17233362394652718
       186               13             173	0.06989247311827956                       2978           14413	0.17123799666494163
       187               13             174	0.06951871657754011                       2991           14587	0.17015587666401183
       188               16             172	0.0851063829787234                        3007           14759	0.16925588202183947
       189               13             176	0.06878306878306878                       3020           14935	0.16819827346143135
       190               18             172	0.09473684210526316                       3038           15107	0.16742904381372278
       191               15             176	0.07853403141361257                       3053           15283	0.16650305410122165
       192               20             172	0.10416666666666667                       3073           15455	0.16585708117443868
       193               11             182	0.05699481865284974                       3084           15637	0.16473478980823675
       194               12             182	0.061855670103092786                      3096           15819	0.16367961934972244
       195               12             183	0.06153846153846154                       3108           16002	0.16263736263736264
       196               14             182	0.07142857142857142                       3122           16184	0.16171138506163887
       197               12             185	0.06091370558375635                       3134           16369	0.1606932266830744
       198               14             184	0.0707070707070707                        3148           16553	0.15978884320592862
       199               14             185	0.07035175879396985                       3162           16738	0.15889447236180904
       200               18             182	0.09                                      3180           16920	0.1582089552238806


Odd  Percentage 0.1582089552238806
Even Percentage 0.8417910447761194